Step Time(ns) rpsystem.singlet rpsystem.t0 rpsystem.tp rpsystem.tm rpsystem.identity 
1 0  1 0 0 0 1
1 1  0.994305 0.00189773 0.00189897 0.00189811 1
1 2  0.977453 0.00752068 0.00751509 0.00751111 1
1 3  0.950127 0.0166586 0.0166118 0.0166023 1
1 4  0.913422 0.0289715 0.0288114 0.028795 1
1 5  0.86878 0.0440075 0.0436179 0.0435948 1
1 6  0.817907 0.0612269 0.0604465 0.0604198 1
1 7  0.762679 0.0800299 0.0786577 0.0786337 1
1 8  0.705036 0.0997872 0.0975935 0.0975829 1
1 9  0.646883 0.119871 0.116614 0.116632 1
1 10  0.58999 0.139685 0.13513 0.135195 1
1 11  0.535911 0.158689 0.152632 0.152769 1
1 12  0.485917 0.176425 0.168711 0.168946 1
1 13  0.440958 0.19253 0.183074 0.183437 1
1 14  0.401635 0.206748 0.195548 0.196069 1
1 15  0.368212 0.21893 0.206074 0.206785 1
1 16  0.340635 0.229034 0.214701 0.215631 1
1 17  0.318581 0.237113 0.221566 0.22274 1
1 18  0.301516 0.243302 0.226871 0.228311 1
1 19  0.288766 0.247797 0.230857 0.23258 1
1 20  0.279583 0.250837 0.233783 0.235797 1
1 21  0.273222 0.25268 0.235894 0.238204 1
1 22  0.268997 0.253583 0.237408 0.240011 1
1 23  0.266337 0.253786 0.238495 0.241382 1
1 24  0.264814 0.253493 0.239267 0.242426 1
1 25  0.26417 0.252863 0.239775 0.243192 1
1 26  0.264309 0.252005 0.240013 0.243673 1
1 27  0.265285 0.250977 0.239924 0.243815 1
1 28  0.267274 0.249788 0.239413 0.243525 1
1 29  0.270531 0.248409 0.238365 0.242695 1
1 30  0.275345 0.246779 0.236663 0.241213 1
1 31  0.281989 0.244824 0.234203 0.238984 1
1 32  0.290678 0.242466 0.230913 0.235943 1
1 33  0.301524 0.239639 0.226767 0.23207 1
1 34  0.314513 0.236301 0.22179 0.227396 1
1 35  0.329486 0.23244 0.216067 0.222006 1
1 36  0.346134 0.228087 0.209737 0.216042 1
1 37  0.36401 0.223312 0.202989 0.209689 1
1 38  0.382554 0.218224 0.196052 0.20317 1
1 39  0.401122 0.21297 0.189178 0.19673 1
1 40  0.419029 0.207722 0.182628 0.190621 1
1 41  0.435591 0.202667 0.176657 0.185084 1
1 42  0.450173 0.198 0.171493 0.180333 1
1 43  0.462225 0.193905 0.167323 0.176547 1
1 44  0.471317 0.190546 0.164285 0.173851 1
1 45  0.477167 0.188056 0.16246 0.172317 1
1 46  0.479652 0.186528 0.161865 0.171956 1
1 47  0.478811 0.18601 0.162457 0.172723 1
1 48  0.474837 0.186503 0.164139 0.174522 1
1 49  0.468058 0.18796 0.166768 0.177214 1
1 50  0.458909 0.190293 0.170167 0.180631 1
1 51  0.447902 0.193376 0.174138 0.184584 1
1 52  0.435586 0.197056 0.178476 0.188882 1
1 53  0.422516 0.201166 0.18298 0.193338 1
1 54  0.409214 0.205529 0.187471 0.197785 1
1 55  0.396148 0.209976 0.191795 0.202082 1
1 56  0.383704 0.21435 0.195829 0.206117 1
1 57  0.372178 0.218517 0.199491 0.209815 1
1 58  0.361767 0.222369 0.202732 0.213131 1
1 59  0.352574 0.225833 0.205539 0.216054 1
1 60  0.344617 0.228862 0.207927 0.218595 1
1 61  0.337843 0.231443 0.20993 0.220784 1
1 62  0.33215 0.233588 0.211599 0.222663 1
1 63  0.327404 0.23533 0.212989 0.224278 1
1 64  0.323458 0.236717 0.214153 0.225672 1
1 65  0.320174 0.237804 0.215139 0.226883 1
1 66  0.317434 0.238649 0.215981 0.227936 1
1 67  0.315149 0.239307 0.216699 0.228845 1
1 68  0.313265 0.23982 0.217301 0.229613 1
1 69  0.311762 0.240225 0.21778 0.230234 1
1 70  0.310647 0.24054 0.218121 0.230692 1
1 71  0.309951 0.240775 0.218301 0.230972 1
1 72  0.309714 0.240928 0.2183 0.231059 1
1 73  0.309973 0.240987 0.218098 0.230943 1
1 74  0.310755 0.240938 0.217684 0.230623 1
1 75  0.312066 0.240765 0.217059 0.23011 1
1 76  0.313884 0.240457 0.216233 0.229425 1
1 77  0.316159 0.240006 0.215232 0.228602 1
1 78  0.318809 0.239417 0.214091 0.227683 1
1 79  0.321727 0.2387 0.212855 0.226718 1
1 80  0.324788 0.237878 0.211575 0.225759 1
1 81  0.327858 0.236982 0.210302 0.224858 1
1 82  0.330803 0.236049 0.209087 0.224061 1
1 83  0.333499 0.235121 0.207973 0.223407 1
1 84  0.335846 0.234239 0.206992 0.222923 1
1 85  0.337769 0.233443 0.206166 0.222622 1
1 86  0.339228 0.232765 0.205503 0.222503 1
1 87  0.340217 0.232232 0.204998 0.222553 1
1 88  0.340766 0.231859 0.20463 0.222744 1
1 89  0.340935 0.23165 0.204373 0.223041 1
1 90  0.340809 0.2316 0.20419 0.223401 1
1 91  0.340488 0.231695 0.204039 0.223778 1
1 92  0.340081 0.231914 0.203881 0.224124 1
1 93  0.339696 0.23223 0.203676 0.224398 1
1 94  0.339433 0.232616 0.20339 0.224561 1
1 95  0.339376 0.233044 0.202996 0.224584 1
1 96  0.339588 0.233489 0.202476 0.224446 1
1 97  0.340113 0.233931 0.20182 0.224136 1
1 98  0.340972 0.234355 0.201025 0.223648 1
1 99  0.342168 0.234748 0.200097 0.222987 1
1 100  0.343689 0.235104 0.199046 0.222161 1
1 101  0.345512 0.235418 0.197886 0.221184 1
1 102  0.347612 0.235684 0.196633 0.220071 1
1 103  0.349962 0.235895 0.195305 0.218837 1
1 104  0.352542 0.236041 0.193918 0.217499 1
1 105  0.355335 0.236103 0.19249 0.216072 1
1 106  0.358337 0.23606 0.191035 0.214569 1
1 107  0.361545 0.235881 0.18957 0.213005 1
1 108  0.364961 0.235532 0.188113 0.211393 1
1 109  0.368586 0.234978 0.186685 0.209751 1
1 110  0.372412 0.234183 0.185311 0.208095 1
1 111  0.376421 0.233115 0.184018 0.206447 1
1 112  0.380574 0.231752 0.182841 0.204833 1
1 113  0.384814 0.230086 0.181818 0.203282 1
1 114  0.389059 0.228122 0.180992 0.201828 1
1 115  0.393204 0.225886 0.180405 0.200505 1
1 116  0.397123 0.223425 0.1801 0.199352 1
1 117  0.400678 0.220803 0.180115 0.198404 1
1 118  0.403721 0.218102 0.180483 0.197695 1
1 119  0.406106 0.215418 0.181223 0.197252 1
1 120  0.4077 0.212856 0.182344 0.197099 1
1 121  0.408391 0.210523 0.183838 0.197248 1
1 122  0.408098 0.208518 0.185681 0.197702 1
1 123  0.40678 0.206932 0.187832 0.198456 1
1 124  0.404438 0.205836 0.190235 0.199491 1
1 125  0.401122 0.205274 0.19282 0.200784 1
1 126  0.396927 0.205266 0.195508 0.202299 1
1 127  0.39199 0.205797 0.198215 0.203997 1
1 128  0.386482 0.206827 0.200856 0.205836 1
1 129  0.380599 0.208283 0.203348 0.207769 1
1 130  0.374551 0.210074 0.205621 0.209754 1
1 131  0.368548 0.212089 0.207615 0.211748 1
1 132  0.362787 0.214211 0.209287 0.213716 1
1 133  0.357442 0.216321 0.210612 0.215625 1
1 134  0.352651 0.218313 0.211585 0.21745 1
1 135  0.348515 0.220094 0.212218 0.219173 1
1 136  0.345083 0.221597 0.21254 0.22078 1
1 137  0.342364 0.222784 0.212591 0.22226 1
1 138  0.34032 0.223648 0.212422 0.22361 1
1 139  0.338875 0.224212 0.212087 0.224826 1
1 140  0.337926 0.224528 0.211639 0.225907 1
1 141  0.33735 0.224672 0.211128 0.22685 1
1 142  0.337018 0.224734 0.210593 0.227655 1
1 143  0.336806 0.224813 0.210063 0.228319 1
1 144  0.336604 0.225002 0.209555 0.228838 1
1 145  0.336329 0.225387 0.209073 0.22921 1
1 146  0.33593 0.226031 0.208607 0.229431 1
1 147  0.33539 0.22697 0.20814 0.2295 1
1 148  0.334729 0.228211 0.207645 0.229416 1
1 149  0.333999 0.229726 0.207094 0.229182 1
1 150  0.333282 0.231456 0.206458 0.228803 1
1 151  0.33268 0.233315 0.205716 0.228289 1
1 152  0.332304 0.235194 0.204849 0.227653 1
1 153  0.332265 0.236971 0.203852 0.226911 1
1 154  0.332665 0.238524 0.20273 0.226081 1
1 155  0.333582 0.239735 0.201499 0.225184 1
1 156  0.335068 0.240506 0.200187 0.224239 1
1 157  0.337138 0.240762 0.198831 0.223269 1
1 158  0.339773 0.240464 0.197473 0.22229 1
1 159  0.342912 0.239609 0.196158 0.221322 1
1 160  0.346461 0.238231 0.194931 0.220377 1
1 161  0.350298 0.236402 0.193832 0.219468 1
1 162  0.354278 0.234223 0.192896 0.218603 1
1 163  0.358248 0.23182 0.192144 0.217788 1
1 164  0.362052 0.229331 0.191588 0.217028 1
1 165  0.365547 0.226899 0.191228 0.216326 1
1 166  0.36861 0.224655 0.191051 0.215684 1
1 167  0.371147 0.222713 0.191035 0.215104 1
1 168  0.373103 0.221158 0.191149 0.214589 1
1 169  0.374462 0.220038 0.191357 0.214143 1
1 170  0.375249 0.219364 0.191619 0.213768 1
1 171  0.37553 0.219105 0.191899 0.213467 1
1 172  0.375404 0.219194 0.192162 0.21324 1
1 173  0.374999 0.219532 0.192381 0.213089 1
1 174  0.374458 0.219999 0.192535 0.213008 1
1 175  0.373933 0.220461 0.192615 0.212991 1
1 176  0.37357 0.220785 0.192617 0.213027 1
1 177  0.373499 0.220852 0.192548 0.213101 1
1 178  0.373822 0.220565 0.19242 0.213194 1
1 179  0.374606 0.21986 0.192251 0.213284 1
1 180  0.375877 0.218713 0.192062 0.213349 1
1 181  0.377614 0.217146 0.191872 0.213368 1
1 182  0.379753 0.215225 0.1917 0.213322 1
1 183  0.382185 0.213055 0.191562 0.213198 1
1 184  0.384762 0.210778 0.19147 0.21299 1
1 185  0.387312 0.208559 0.191428 0.212701 1
1 186  0.38964 0.206576 0.19144 0.212344 1
1 187  0.391548 0.205006 0.191502 0.211944 1
1 188  0.392844 0.204015 0.191608 0.211532 1
1 189  0.393356 0.203738 0.191754 0.211152 1
1 190  0.392942 0.204277 0.191931 0.21085 1
1 191  0.391505 0.205684 0.192136 0.210676 1
1 192  0.388995 0.207961 0.192367 0.210677 1
1 193  0.385417 0.21106 0.192626 0.210897 1
1 194  0.380833 0.21488 0.19292 0.211368 1
1 195  0.37536 0.219275 0.193257 0.212109 1
1 196  0.369164 0.224064 0.193649 0.213123 1
1 197  0.362452 0.229044 0.194109 0.214395 1
1 198  0.355465 0.233999 0.194648 0.215889 1
1 199  0.348459 0.238713 0.195274 0.217553 1
1 200  0.341697 0.242991 0.195992 0.219319 1
1 201  0.335433 0.246663 0.196799 0.221105 1
1 202  0.329899 0.249595 0.197683 0.222823 1
1 203  0.325291 0.251701 0.198626 0.224382 1
1 204  0.321762 0.252942 0.199602 0.225694 1
1 205  0.319416 0.253327 0.200576 0.226681 1
1 206  0.318297 0.252911 0.201511 0.227282 1
1 207  0.318397 0.251789 0.202363 0.227451 1
1 208  0.319655 0.250087 0.203092 0.227167 1
1 209  0.321959 0.247951 0.203656 0.226434 1
1 210  0.325163 0.245538 0.204022 0.225277 1
1 211  0.329089 0.243002 0.204162 0.223747 1
1 212  0.333544 0.240486 0.204061 0.221909 1
1 213  0.338328 0.238112 0.203712 0.219848 1
1 214  0.34325 0.235975 0.203122 0.217653 1
1 215  0.348137 0.234137 0.202308 0.215418 1
1 216  0.352838 0.23263 0.201299 0.213233 1
1 217  0.357238 0.231452 0.200131 0.21118 1
1 218  0.361257 0.230572 0.198845 0.209325 1
1 219  0.36485 0.229941 0.197489 0.20772 1
1 220  0.368005 0.229491 0.196108 0.206396 1
1 221  0.370741 0.229149 0.194747 0.205363 1
1 222  0.373099 0.228841 0.193445 0.204615 1
1 223  0.375135 0.228503 0.192233 0.204128 1
1 224  0.376911 0.228084 0.191138 0.203867 1
1 225  0.378486 0.227551 0.190176 0.203787 1
1 226  0.379912 0.226893 0.189354 0.203841 1
1 227  0.381224 0.226118 0.188676 0.203982 1
1 228  0.382439 0.225255 0.188135 0.204171 1
1 229  0.383553 0.224349 0.187723 0.204375 1
1 230  0.384545 0.223453 0.187431 0.204571 1
1 231  0.385375 0.222627 0.187248 0.20475 1
1 232  0.385994 0.221929 0.187165 0.204912 1
1 233  0.386347 0.22141 0.187177 0.205066 1
1 234  0.386385 0.221106 0.187281 0.205228 1
1 235  0.386066 0.221039 0.187479 0.205417 1
1 236  0.385365 0.221208 0.187775 0.205652 1
1 237  0.384279 0.221595 0.188178 0.205948 1
1 238  0.382832 0.222163 0.188694 0.206311 1
1 239  0.381071 0.222856 0.189332 0.206742 1
1 240  0.379066 0.22361 0.190096 0.207227 1
1 241  0.376911 0.224353 0.190989 0.207747 1
1 242  0.37471 0.225013 0.192007 0.20827 1
1 243  0.372573 0.225523 0.193142 0.208761 1
1 244  0.370609 0.22583 0.194379 0.209182 1
1 245  0.368913 0.225895 0.195699 0.209493 1
1 246  0.367558 0.2257 0.197078 0.209664 1
1 247  0.36659 0.225249 0.19849 0.209671 1
1 248  0.36602 0.224568 0.19991 0.209502 1
1 249  0.365825 0.223702 0.201312 0.209161 1
1 250  0.365945 0.222714 0.202673 0.208667 1
1 251  0.366288 0.22168 0.20398 0.208052 1
1 252  0.366737 0.22068 0.20522 0.207363 1
1 253  0.367156 0.219797 0.206393 0.206654 1
1 254  0.367405 0.219105 0.207503 0.205986 1
1 255  0.367349 0.218668 0.208562 0.20542 1
1 256  0.36687 0.218531 0.209588 0.205011 1
1 257  0.365877 0.218718 0.2106 0.204805 1
1 258  0.364318 0.219229 0.211622 0.204831 1
1 259  0.362184 0.220042 0.212672 0.205102 1
1 260  0.359513 0.221109 0.213768 0.20561 1
1 261  0.356393 0.222364 0.214919 0.206324 1
1 262  0.352952 0.223725 0.216126 0.207197 1
1 263  0.349356 0.225099 0.217381 0.208164 1
1 264  0.345797 0.22639 0.218667 0.209146 1
1 265  0.342481 0.227505 0.219955 0.210059 1
1 266  0.339614 0.228359 0.221209 0.210818 1
1 267  0.337387 0.228882 0.222387 0.211344 1
1 268  0.335964 0.229025 0.223442 0.211568 1
1 269  0.33547 0.228761 0.224328 0.211442 1
1 270  0.335978 0.228087 0.225001 0.210934 1
1 271  0.337511 0.227028 0.225422 0.210039 1
1 272  0.340032 0.22563 0.225562 0.208776 1
1 273  0.34345 0.22396 0.225403 0.207188 1
1 274  0.347623 0.222102 0.224937 0.205337 1
1 275  0.35237 0.220152 0.224174 0.203304 1
1 276  0.35748 0.218209 0.223132 0.201178 1
1 277  0.362725 0.216374 0.221845 0.199056 1
1 278  0.367876 0.214739 0.220354 0.197031 1
1 279  0.372717 0.213386 0.218709 0.195189 1
1 280  0.377055 0.212379 0.216963 0.193603 1
1 281  0.380734 0.211764 0.215172 0.192329 1
1 282  0.383644 0.211566 0.213389 0.191402 1
1 283  0.38572 0.211786 0.211661 0.190833 1
1 284  0.386948 0.212408 0.210029 0.190615 1
1 285  0.387363 0.213394 0.208525 0.190719 1
1 286  0.387038 0.214693 0.20717 0.191099 1
1 287  0.386084 0.21624 0.205976 0.1917 1
1 288  0.384632 0.217964 0.204945 0.192458 1
1 289  0.382828 0.219793 0.204072 0.193307 1
1 290  0.380816 0.221653 0.203345 0.194186 1
1 291  0.378734 0.223479 0.202746 0.195041 1
1 292  0.376697 0.225212 0.20226 0.195831 1
1 293  0.374798 0.226805 0.201869 0.196528 1
1 294  0.373098 0.228225 0.201559 0.197119 1
1 295  0.371627 0.229448 0.201319 0.197606 1
1 296  0.370383 0.230466 0.201144 0.198007 1
1 297  0.36934 0.231281 0.201033 0.198347 1
1 298  0.368448 0.231901 0.20099 0.198661 1
1 299  0.367644 0.232345 0.201024 0.198986 1
1 300  0.366862 0.232632 0.201145 0.19936 1
1 301  0.366036 0.232786 0.201362 0.199816 1
1 302  0.36511 0.232826 0.201685 0.200378 1
1 303  0.364047 0.232772 0.202118 0.201062 1
1 304  0.362829 0.232637 0.202662 0.201872 1
1 305  0.361463 0.23243 0.203309 0.202798 1
1 306  0.359977 0.232153 0.204047 0.203822 1
1 307  0.358425 0.231807 0.204855 0.204913 1
1 308  0.356875 0.231386 0.205704 0.206035 1
1 309  0.355409 0.230881 0.206563 0.207146 1
1 310  0.354113 0.230287 0.207395 0.208205 1
1 311  0.353074 0.229595 0.208161 0.20917 1
1 312  0.352367 0.228802 0.208823 0.210007 1
1 313  0.352055 0.227908 0.209348 0.210689 1
1 314  0.352178 0.226921 0.209704 0.211196 1
1 315  0.352755 0.225852 0.209871 0.211522 1
1 316  0.353777 0.224721 0.209833 0.211669 1
1 317  0.355211 0.223554 0.209587 0.211648 1
1 318  0.356998 0.222383 0.209136 0.211482 1
1 319  0.359063 0.221244 0.208496 0.211197 1
1 320  0.361313 0.220175 0.207688 0.210824 1
1 321  0.363644 0.219217 0.206742 0.210397 1
1 322  0.365952 0.21841 0.20569 0.209947 1
1 323  0.368135 0.217791 0.204569 0.209504 1
1 324  0.370097 0.217393 0.203417 0.209094 1
1 325  0.371757 0.217243 0.202267 0.208734 1
1 326  0.373051 0.21736 0.201152 0.208437 1
1 327  0.373933 0.217758 0.200098 0.208211 1
1 328  0.374379 0.218439 0.199126 0.208056 1
1 329  0.374383 0.219399 0.19825 0.207968 1
1 330  0.373958 0.220624 0.197479 0.207939 1
1 331  0.373133 0.222092 0.196814 0.207961 1
1 332  0.371949 0.223774 0.196253 0.208023 1
1 333  0.370459 0.225635 0.19579 0.208116 1
1 334  0.368718 0.227632 0.195416 0.208234 1
1 335  0.366786 0.229722 0.195121 0.208371 1
1 336  0.364722 0.231855 0.194897 0.208526 1
1 337  0.362582 0.233983 0.194736 0.208699 1
1 338  0.360416 0.236055 0.194635 0.208895 1
1 339  0.358269 0.238022 0.194592 0.209118 1
1 340  0.356179 0.239839 0.194609 0.209373 1
1 341  0.354178 0.241464 0.194693 0.209665 1
1 342  0.35229 0.24286 0.194852 0.209998 1
1 343  0.350533 0.243998 0.195097 0.210372 1
1 344  0.348919 0.244856 0.195439 0.210787 1
1 345  0.347455 0.24542 0.19589 0.211236 1
1 346  0.346142 0.245687 0.19646 0.211711 1
1 347  0.344977 0.245663 0.197157 0.212202 1
1 348  0.343954 0.245364 0.197988 0.212695 1
1 349  0.343058 0.244816 0.198951 0.213174 1
1 350  0.342276 0.244053 0.200045 0.213626 1
1 351  0.341587 0.243116 0.201261 0.214035 1
1 352  0.340971 0.242053 0.202587 0.214388 1
1 353  0.340405 0.240914 0.204005 0.214675 1
1 354  0.339866 0.239751 0.205495 0.214889 1
1 355  0.339334 0.238612 0.207031 0.215024 1
1 356  0.338792 0.237544 0.208586 0.215078 1
1 357  0.338229 0.236585 0.210131 0.215054 1
1 358  0.337645 0.235764 0.211636 0.214955 1
1 359  0.337044 0.235101 0.213069 0.214786 1
1 360  0.336445 0.234603 0.2144 0.214552 1
1 361  0.335875 0.234266 0.215601 0.214258 1
1 362  0.335373 0.234074 0.216643 0.21391 1
1 363  0.334983 0.234001 0.217504 0.213511 1
1 364  0.334759 0.234015 0.218162 0.213064 1
1 365  0.334752 0.234076 0.218603 0.212569 1
1 366  0.335013 0.234145 0.218815 0.212028 1
1 367  0.335584 0.234184 0.218793 0.211439 1
1 368  0.336496 0.234158 0.21854 0.210805 1
1 369  0.337763 0.234044 0.218064 0.210129 1
1 370  0.339378 0.233825 0.217382 0.209416 1
1 371  0.341309 0.233499 0.216516 0.208676 1
1 372  0.343503 0.233077 0.215498 0.207923 1
1 373  0.34588 0.232582 0.214364 0.207174 1
1 374  0.348343 0.232048 0.213157 0.206452 1
1 375  0.350777 0.231517 0.211923 0.205783 1
1 376  0.353057 0.231036 0.210712 0.205194 1
1 377  0.355058 0.230654 0.209575 0.204713 1
1 378  0.356659 0.230415 0.208558 0.204368 1
1 379  0.357758 0.230354 0.207707 0.20418 1
1 380  0.358277 0.230496 0.20706 0.204168 1
1 381  0.358168 0.230847 0.206646 0.204339 1
1 382  0.357425 0.231397 0.206484 0.204695 1
1 383  0.356081 0.232116 0.206582 0.205222 1
1 384  0.354212 0.232956 0.206934 0.205897 1
1 385  0.351937 0.233851 0.207525 0.206688 1
1 386  0.349407 0.234723 0.208323 0.207547 1
1 387  0.346804 0.235485 0.209288 0.208423 1
1 388  0.344324 0.236047 0.210372 0.209257 1
1 389  0.342169 0.236325 0.21152 0.209986 1
1 390  0.340532 0.236245 0.212674 0.210549 1
1 391  0.339584 0.235749 0.213776 0.210891 1
1 392  0.33946 0.234804 0.214774 0.210963 1
1 393  0.34025 0.233401 0.21562 0.210728 1
1 394  0.341991 0.231563 0.21628 0.210166 1
1 395  0.344659 0.229342 0.216728 0.209271 1
1 396  0.348172 0.226819 0.216956 0.208054 1
1 397  0.352391 0.224098 0.216965 0.206546 1
1 398  0.357127 0.221305 0.216775 0.204793 1
1 399  0.362155 0.218577 0.216414 0.202854 1
1 400  0.367223 0.216055 0.215923 0.200799 1
1 401  0.372069 0.213876 0.215348 0.198707 1
1 402  0.376442 0.212163 0.214739 0.196657 1
1 403  0.380113 0.211015 0.214146 0.194725 1
1 404  0.382896 0.210506 0.213614 0.192984 1
1 405  0.384655 0.210671 0.213181 0.191493 1
1 406  0.385318 0.211512 0.212873 0.190297 1
1 407  0.384881 0.212989 0.212705 0.189425 1
1 408  0.383407 0.21503 0.212676 0.188888 1
1 409  0.381023 0.217526 0.212771 0.18868 1
1 410  0.377913 0.220346 0.212965 0.188776 1
1 411  0.374302 0.223341 0.213217 0.18914 1
1 412  0.370442 0.226354 0.213483 0.189721 1
1 413  0.366595 0.229229 0.213712 0.190464 1
1 414  0.363012 0.231825 0.213853 0.19131 1
1 415  0.359921 0.234018 0.213861 0.192201 1
1 416  0.357502 0.235715 0.213697 0.193086 1
1 417  0.355884 0.236857 0.213334 0.193924 1
1 418  0.355131 0.237423 0.212762 0.194684 1
1 419  0.35524 0.237426 0.211983 0.195352 1
1 420  0.35614 0.236918 0.211019 0.195924 1
1 421  0.357702 0.235979 0.209904 0.196414 1
1 422  0.359749 0.234716 0.208691 0.196845 1
1 423  0.362067 0.233248 0.207437 0.197248 1
1 424  0.364427 0.231701 0.206211 0.197661 1
1 425  0.3666 0.230198 0.205082 0.198121 1
1 426  0.368378 0.228846 0.204115 0.198661 1
1 427  0.369589 0.227733 0.203371 0.199307 1
1 428  0.370111 0.226917 0.202897 0.200075 1
1 429  0.369885 0.226426 0.202726 0.200963 1
1 430  0.368917 0.226251 0.202874 0.201959 1
1 431  0.36728 0.226352 0.203337 0.203031 1
1 432  0.36511 0.226659 0.204095 0.204136 1
1 433  0.362594 0.227079 0.205109 0.205218 1
1 434  0.359957 0.227503 0.20633 0.206211 1
1 435  0.357444 0.227815 0.207693 0.207047 1
1 436  0.355303 0.227905 0.209132 0.20766 1
1 437  0.353763 0.227672 0.210578 0.207988 1
1 438  0.353015 0.227041 0.211963 0.207981 1
1 439  0.353199 0.225964 0.213233 0.207605 1
1 440  0.354389 0.224427 0.21434 0.206844 1
1 441  0.356586 0.222455 0.215253 0.205706 1
1 442  0.359717 0.220107 0.215959 0.204216 1
1 443  0.363634 0.217481 0.216459 0.202426 1
1 444  0.368128 0.214699 0.21677 0.200402 1
1 445  0.372939 0.211908 0.216922 0.19823 1
1 446  0.377773 0.209266 0.216957 0.196004 1
1 447  0.382322 0.206933 0.216919 0.193826 1
1 448  0.386288 0.205061 0.216856 0.191794 1
1 449  0.389399 0.203783 0.216814 0.190004 1
1 450  0.391432 0.203203 0.216827 0.188539 1
1 451  0.392223 0.203393 0.216921 0.187463 1
1 452  0.391688 0.204381 0.217108 0.186822 1
1 453  0.389819 0.206156 0.217385 0.18664 1
1 454  0.386691 0.208663 0.21773 0.186916 1
1 455  0.382456 0.211809 0.218111 0.187624 1
1 456  0.377334 0.215465 0.218481 0.18872 1
1 457  0.371595 0.219479 0.218786 0.19014 1
1 458  0.365547 0.22368 0.218966 0.191807 1
1 459  0.359512 0.22789 0.218963 0.193635 1
1 460  0.353805 0.231936 0.218725 0.195535 1
1 461  0.348716 0.235656 0.218208 0.19742 1
1 462  0.344495 0.238912 0.217384 0.199209 1
1 463  0.34133 0.241594 0.216242 0.200834 1
1 464  0.339342 0.243626 0.214791 0.202241 1
1 465  0.33858 0.24497 0.213058 0.203391 1
1 466  0.339018 0.245624 0.211091 0.204267 1
1 467  0.34056 0.245622 0.208955 0.204864 1
1 468  0.343048 0.245028 0.206727 0.205197 1
1 469  0.346279 0.243933 0.204495 0.205293 1
1 470  0.350016 0.242445 0.202351 0.205189 1
1 471  0.354004 0.240683 0.200384 0.204929 1
1 472  0.357992 0.238768 0.198678 0.204562 1
1 473  0.361747 0.236815 0.197306 0.204132 1
1 474  0.365065 0.23493 0.196324 0.203682 1
1 475  0.367788 0.233198 0.195768 0.203247 1
1 476  0.369807 0.231684 0.195655 0.202853 1
1 477  0.371069 0.230432 0.195981 0.202519 1
1 478  0.371573 0.229459 0.196718 0.202251 1
1 479  0.371369 0.228763 0.197821 0.202047 1
1 480  0.370551 0.22832 0.199231 0.201898 1
1 481  0.369243 0.228093 0.200875 0.20179 1
1 482  0.367592 0.228032 0.202672 0.201704 1
1 483  0.365752 0.228083 0.204542 0.201624 1
1 484  0.363874 0.22819 0.206404 0.201532 1
1 485  0.362094 0.228304 0.208186 0.201416 1
1 486  0.360526 0.228379 0.209824 0.201271 1
1 487  0.35925 0.228383 0.21127 0.201096 1
1 488  0.358315 0.228296 0.21249 0.2009 1
1 489  0.357732 0.228108 0.213464 0.200696 1
1 490  0.357481 0.227823 0.214189 0.200507 1
1 491  0.357511 0.227457 0.214676 0.200356 1
1 492  0.35775 0.227031 0.214948 0.200272 1
1 493  0.358109 0.226573 0.215034 0.200284 1
1 494  0.358496 0.226113 0.214973 0.200418 1
1 495  0.358818 0.225681 0.214803 0.200698 1
1 496  0.358992 0.225303 0.214564 0.201142 1
1 497  0.35895 0.225 0.214289 0.20176 1
1 498  0.358649 0.224785 0.21401 0.202557 1
1 499  0.358063 0.224664 0.213747 0.203526 1
1 500  0.357195 0.224635 0.213514 0.204656 1
1 501  0.35607 0.22469 0.213315 0.205925 1
1 502  0.354732 0.224813 0.213148 0.207307 1
1 503  0.353242 0.224986 0.213003 0.20877 1
1 504  0.351671 0.225187 0.212864 0.210278 1
1 505  0.350096 0.225395 0.212715 0.211795 1
1 506  0.348593 0.225588 0.212535 0.213284 1
1 507  0.347233 0.22575 0.212307 0.214711 1
1 508  0.346076 0.225865 0.212016 0.216043 1
1 509  0.345173 0.225924 0.211651 0.217252 1
1 510  0.344554 0.225921 0.211208 0.218317 1
1 511  0.344239 0.225855 0.210687 0.219219 1
1 512  0.344231 0.225728 0.210095 0.219946 1
1 513  0.344518 0.225544 0.209446 0.220491 1
1 514  0.345079 0.225309 0.208758 0.220854 1
1 515  0.345884 0.22503 0.208051 0.221035 1
1 516  0.346895 0.224712 0.207351 0.221042 1
1 517  0.348075 0.22436 0.206681 0.220884 1
1 518  0.349382 0.223979 0.206066 0.220573 1
1 519  0.350778 0.223573 0.205526 0.220124 1
1 520  0.352226 0.223142 0.205081 0.219551 1
1 521  0.353695 0.22269 0.204743 0.218872 1
1 522  0.355152 0.222222 0.204521 0.218106 1
1 523  0.35657 0.221741 0.204418 0.21727 1
1 524  0.357924 0.221257 0.204433 0.216386 1
1 525  0.359189 0.220782 0.204558 0.215471 1
1 526  0.36034 0.220331 0.204782 0.214548 1
1 527  0.361352 0.219923 0.205091 0.213635 1
1 528  0.3622 0.21958 0.205467 0.212753 1
1 529  0.36286 0.219326 0.205893 0.21192 1
1 530  0.363307 0.219189 0.20635 0.211154 1
1 531  0.363519 0.21919 0.20682 0.210471 1
1 532  0.363477 0.219355 0.207285 0.209884 1
1 533  0.363166 0.219699 0.207732 0.209403 1
1 534  0.36258 0.220236 0.208148 0.209036 1
1 535  0.361718 0.220971 0.208525 0.208787 1
1 536  0.360589 0.2219 0.208856 0.208655 1
1 537  0.35921 0.223011 0.20914 0.208639 1
1 538  0.357609 0.224285 0.209376 0.20873 1
1 539  0.35582 0.225692 0.209569 0.20892 1
1 540  0.353885 0.227197 0.209723 0.209196 1
1 541  0.351848 0.22876 0.209847 0.209545 1
1 542  0.34976 0.230338 0.209951 0.209951 1
1 543  0.34767 0.231887 0.210044 0.2104 1
1 544  0.345625 0.233363 0.210137 0.210875 1
1 545  0.343668 0.234726 0.210242 0.211363 1
1 546  0.341839 0.235943 0.210369 0.211849 1
1 547  0.34017 0.236983 0.210525 0.212322 1
1 548  0.338686 0.237825 0.210719 0.212771 1
1 549  0.337406 0.238454 0.210955 0.213184 1
1 550  0.336346 0.238862 0.211236 0.213555 1
1 551  0.335514 0.239048 0.211562 0.213875 1
1 552  0.334918 0.239014 0.21193 0.214137 1
1 553  0.334563 0.238768 0.212335 0.214334 1
1 554  0.334455 0.238319 0.212768 0.214458 1
1 555  0.334601 0.237679 0.213219 0.214502 1
1 556  0.335007 0.236857 0.213677 0.214459 1
1 557  0.335682 0.235867 0.214128 0.214323 1
1 558  0.336635 0.234718 0.214559 0.214088 1
1 559  0.33787 0.233422 0.214958 0.213749 1
1 560  0.33939 0.23199 0.215314 0.213305 1
1 561  0.34119 0.230437 0.215616 0.212757 1
1 562  0.343253 0.228779 0.215859 0.21211 1
1 563  0.345554 0.227037 0.216037 0.211372 1
1 564  0.348051 0.225238 0.216151 0.21056 1
1 565  0.350689 0.223417 0.216202 0.209691 1
1 566  0.353399 0.221613 0.216197 0.208791 1
1 567  0.356098 0.219872 0.216143 0.207887 1
1 568  0.358691 0.218247 0.216049 0.207012 1
1 569  0.361079 0.216794 0.215927 0.206199 1
1 570  0.36316 0.21557 0.215787 0.205483 1
1 571  0.364837 0.214629 0.215638 0.204896 1
1 572  0.366021 0.214024 0.215486 0.204468 1
1 573  0.366643 0.213797 0.215337 0.204224 1
1 574  0.366652 0.213978 0.215189 0.204181 1
1 575  0.366027 0.214584 0.21504 0.204349 1
1 576  0.364774 0.215616 0.214881 0.204729 1
1 577  0.362932 0.217057 0.214701 0.20531 1
1 578  0.360569 0.21887 0.214486 0.206075 1
1 579  0.357781 0.221004 0.214221 0.206995 1
1 580  0.354688 0.22339 0.213887 0.208035 1
1 581  0.351427 0.225949 0.21347 0.209155 1
1 582  0.348142 0.228591 0.212957 0.210309 1
1 583  0.344981 0.231227 0.212339 0.211453 1
1 584  0.34208 0.233766 0.211614 0.212541 1
1 585  0.33956 0.236123 0.210785 0.213533 1
1 586  0.337517 0.238226 0.209862 0.214394 1
1 587  0.336017 0.240018 0.208866 0.215099 1
1 588  0.33509 0.241458 0.207822 0.21563 1
1 589  0.334731 0.242525 0.206763 0.215981 1
1 590  0.334899 0.24322 0.205726 0.216156 1
1 591  0.33552 0.243562 0.204752 0.216167 1
1 592  0.336494 0.243586 0.203884 0.216036 1
1 593  0.337702 0.243344 0.203162 0.215793 1
1 594  0.339013 0.242894 0.202623 0.21547 1
1 595  0.340296 0.242301 0.2023 0.215103 1
1 596  0.34143 0.241629 0.202214 0.214727 1
1 597  0.342309 0.240938 0.202379 0.214375 1
1 598  0.342852 0.240277 0.202797 0.214074 1
1 599  0.343009 0.239686 0.20346 0.213845 1
1 600  0.342766 0.239186 0.204347 0.213701 1
1 601  0.342139 0.238785 0.205428 0.213648 1
1 602  0.34118 0.238474 0.206663 0.213683 1
1 603  0.339968 0.238231 0.208006 0.213795 1
1 604  0.338602 0.238023 0.209407 0.213967 1
1 605  0.337198 0.237809 0.210814 0.214179 1
1 606  0.335875 0.237544 0.212175 0.214407 1
1 607  0.334745 0.237187 0.213442 0.214625 1
1 608  0.333911 0.2367 0.214575 0.214813 1
1 609  0.333451 0.236057 0.21554 0.214951 1
1 610  0.333419 0.235244 0.216313 0.215024 1
1 611  0.333835 0.234259 0.21688 0.215025 1
1 612  0.33469 0.23312 0.217237 0.214952 1
1 613  0.335943 0.231857 0.217391 0.21481 1
1 614  0.337524 0.230513 0.217355 0.214608 1
1 615  0.339344 0.229142 0.217151 0.214363 1
1 616  0.341299 0.227805 0.216804 0.214091 1
1 617  0.343278 0.226563 0.216344 0.213814 1
1 618  0.345174 0.225476 0.2158 0.213551 1
1 619  0.346888 0.224595 0.215199 0.213318 1
1 620  0.348342 0.223963 0.214564 0.213131 1
1 621  0.349479 0.223607 0.213916 0.212998 1
1 622  0.35027 0.223537 0.213269 0.212924 1
1 623  0.350715 0.223748 0.212629 0.212908 1
1 624  0.350838 0.224219 0.212001 0.212942 1
1 625  0.35069 0.224912 0.211382 0.213016 1
1 626  0.350336 0.225781 0.210767 0.213116 1
1 627  0.349857 0.226768 0.210148 0.213226 1
1 628  0.349334 0.227816 0.209518 0.213332 1
1 629  0.348847 0.228864 0.20887 0.213419 1
1 630  0.348464 0.229859 0.208201 0.213477 1
1 631  0.348234 0.230756 0.20751 0.2135 1
1 632  0.348186 0.231522 0.206803 0.213489 1
1 633  0.348324 0.232137 0.20609 0.213448 1
1 634  0.348626 0.232597 0.205386 0.21339 1
1 635  0.349047 0.232912 0.204709 0.213332 1
1 636  0.349524 0.233102 0.204082 0.213293 1
1 637  0.349978 0.233199 0.203526 0.213297 1
1 638  0.350325 0.233242 0.203065 0.213368 1
1 639  0.350483 0.23327 0.202719 0.213528 1
1 640  0.350376 0.233322 0.202505 0.213796 1
1 641  0.349947 0.233433 0.202434 0.214187 1
1 642  0.349159 0.233626 0.202509 0.214707 1
1 643  0.348 0.233915 0.202728 0.215357 1
1 644  0.346491 0.234302 0.20308 0.216128 1
1 645  0.344675 0.234774 0.203546 0.217005 1
1 646  0.342627 0.235306 0.204102 0.217965 1
1 647  0.340439 0.235865 0.204718 0.218977 1
1 648  0.338222 0.236408 0.205362 0.220009 1
1 649  0.336093 0.236888 0.205998 0.221021 1
1 650  0.334169 0.23726 0.206593 0.221978 1
1 651  0.332559 0.237481 0.207117 0.222843 1
1 652  0.331358 0.237517 0.207543 0.223583 1
1 653  0.330635 0.237342 0.207852 0.224172 1
1 654  0.330434 0.236946 0.208031 0.224589 1
1 655  0.330769 0.236333 0.208077 0.22482 1
1 656  0.331623 0.23552 0.207994 0.224863 1
1 657  0.332949 0.234538 0.207794 0.224719 1
1 658  0.334675 0.23343 0.207495 0.2244 1
1 659  0.336707 0.232247 0.207122 0.223924 1
1 660  0.338941 0.231044 0.206703 0.223312 1
1 661  0.341262 0.229879 0.206266 0.222592 1
1 662  0.343561 0.228806 0.205842 0.221792 1
1 663  0.345734 0.227869 0.205458 0.220939 1
1 664  0.347696 0.227107 0.205137 0.22006 1
1 665  0.349379 0.226541 0.2049 0.21918 1
1 666  0.35074 0.226183 0.204759 0.218318 1
1 667  0.351762 0.226026 0.204721 0.217491 1
1 668  0.352451 0.226052 0.204787 0.216711 1
1 669  0.352837 0.226229 0.204952 0.215982 1
1 670  0.352968 0.226518 0.205205 0.215309 1
1 671  0.352906 0.226872 0.205532 0.21469 1
1 672  0.352722 0.227241 0.205916 0.214121 1
1 673  0.352486 0.227578 0.206338 0.213598 1
1 674  0.352266 0.227839 0.20678 0.213115 1
1 675  0.352122 0.227989 0.207223 0.212666 1
1 676  0.352098 0.228002 0.207651 0.212249 1
1 677  0.352225 0.227863 0.208051 0.211861 1
1 678  0.352514 0.227571 0.208413 0.211501 1
1 679  0.352961 0.227136 0.20873 0.211173 1
1 680  0.353546 0.226578 0.208995 0.210881 1
1 681  0.354235 0.225926 0.209208 0.210632 1
1 682  0.354986 0.225215 0.209367 0.210432 1
1 683  0.355752 0.224483 0.209474 0.210291 1
1 684  0.356487 0.223769 0.209529 0.210215 1
1 685  0.357146 0.223108 0.209534 0.210212 1
1 686  0.357694 0.222532 0.209487 0.210286 1
1 687  0.358106 0.222065 0.209389 0.210441 1
1 688  0.358366 0.221721 0.209238 0.210675 1
1 689  0.358474 0.221509 0.20903 0.210987 1
1 690  0.35844 0.221428 0.208763 0.211369 1
1 691  0.358285 0.221469 0.208433 0.211813 1
1 692  0.358037 0.221618 0.208039 0.212306 1
1 693  0.357731 0.221857 0.207578 0.212835 1
1 694  0.357401 0.222164 0.207052 0.213383 1
1 695  0.357082 0.222518 0.206466 0.213934 1
1 696  0.356803 0.222901 0.205825 0.214471 1
1 697  0.356587 0.223296 0.20514 0.214977 1
1 698  0.356449 0.22369 0.204424 0.215437 1
1 699  0.356395 0.224075 0.203695 0.215836 1
1 700  0.35642 0.224447 0.20297 0.216163 1
1 701  0.356514 0.224808 0.202271 0.216407 1
1 702  0.356659 0.225158 0.201619 0.216564 1
1 703  0.356835 0.225503 0.201034 0.216628 1
1 704  0.357018 0.225847 0.200536 0.216599 1
1 705  0.357189 0.226193 0.20014 0.216478 1
1 706  0.357329 0.226542 0.199859 0.21627 1
1 707  0.357426 0.226891 0.199702 0.215981 1
1 708  0.357475 0.227234 0.199672 0.215619 1
1 709  0.35748 0.22756 0.199766 0.215194 1
1 710  0.35745 0.227856 0.199979 0.214715 1
1 711  0.357403 0.228106 0.200297 0.214193 1
1 712  0.357362 0.228292 0.200706 0.21364 1
1 713  0.357351 0.228398 0.201186 0.213064 1
1 714  0.357399 0.228409 0.201715 0.212477 1
1 715  0.35753 0.228313 0.202272 0.211884 1
1 716  0.357766 0.228104 0.202835 0.211294 1
1 717  0.358122 0.227781 0.203384 0.210713 1
1 718  0.358607 0.22735 0.203899 0.210143 1
1 719  0.359221 0.226823 0.204368 0.209589 1
1 720  0.359954 0.226217 0.204778 0.20905 1
1 721  0.360789 0.225556 0.205126 0.208529 1
1 722  0.361701 0.224866 0.205408 0.208026 1
1 723  0.362657 0.224176 0.205628 0.207539 1
1 724  0.363623 0.223515 0.205794 0.207068 1
1 725  0.364562 0.222909 0.205915 0.206615 1
1 726  0.365434 0.222383 0.206005 0.206178 1
1 727  0.366205 0.221955 0.20608 0.20576 1
1 728  0.366843 0.221639 0.206154 0.205363 1
1 729  0.367324 0.221442 0.206245 0.204989 1
1 730  0.367627 0.221362 0.206367 0.204643 1
1 731  0.367743 0.221396 0.206533 0.204329 1
1 732  0.367666 0.22153 0.206754 0.20405 1
1 733  0.3674 0.22175 0.207037 0.203812 1
1 734  0.366956 0.222038 0.207388 0.203618 1
1 735  0.36635 0.222375 0.207806 0.20347 1
1 736  0.365602 0.22274 0.208289 0.203369 1
1 737  0.364736 0.223117 0.208832 0.203316 1
1 738  0.363779 0.223489 0.209426 0.203306 1
1 739  0.362761 0.223844 0.210059 0.203337 1
1 740  0.361708 0.224172 0.210718 0.203401 1
1 741  0.360652 0.224468 0.211389 0.203491 1
1 742  0.359619 0.224728 0.212056 0.203597 1
1 743  0.358637 0.224951 0.212702 0.203711 1
1 744  0.357732 0.225135 0.213311 0.203822 1
1 745  0.356929 0.225281 0.213869 0.203921 1
1 746  0.35625 0.225388 0.21436 0.204002 1
1 747  0.355715 0.225454 0.214772 0.204058 1
1 748  0.355341 0.225477 0.215094 0.204088 1
1 749  0.355142 0.225451 0.215317 0.20409 1
1 750  0.355125 0.225371 0.215434 0.20407 1
1 751  0.355294 0.225232 0.215439 0.204034 1
1 752  0.355647 0.225029 0.215331 0.203993 1
1 753  0.356174 0.224759 0.21511 0.203957 1
1 754  0.356857 0.224424 0.214776 0.203943 1
1 755  0.357672 0.224027 0.214336 0.203966 1
1 756  0.358587 0.223578 0.213794 0.20404 1
1 757  0.359564 0.223094 0.21316 0.204182 1
1 758  0.360559 0.222595 0.212444 0.204403 1
1 759  0.361524 0.222107 0.211656 0.204713 1
1 760  0.36241 0.22166 0.21081 0.20512 1
1 761  0.363169 0.221288 0.20992 0.205624 1
1 762  0.363754 0.221022 0.209 0.206224 1
1 763  0.364125 0.220895 0.208067 0.206913 1
1 764  0.364252 0.220935 0.207136 0.207678 1
1 765  0.364111 0.221162 0.206223 0.208504 1
1 766  0.363694 0.22159 0.205344 0.209371 1
1 767  0.363003 0.222224 0.204515 0.210259 1
1 768  0.362052 0.223055 0.203751 0.211142 1
1 769  0.360869 0.224067 0.203066 0.211999 1
1 770  0.359492 0.225231 0.202473 0.212804 1
1 771  0.357967 0.226511 0.201986 0.213536 1
1 772  0.356345 0.227863 0.201616 0.214175 1
1 773  0.354683 0.229238 0.201373 0.214707 1
1 774  0.353032 0.230586 0.201265 0.215117 1
1 775  0.351445 0.231857 0.201298 0.215399 1
1 776  0.349965 0.233006 0.20148 0.215549 1
1 777  0.348627 0.233994 0.201811 0.215568 1
1 778  0.347454 0.234791 0.202294 0.21546 1
1 779  0.34646 0.235377 0.202928 0.215235 1
1 780  0.345645 0.235745 0.203707 0.214903 1
1 781  0.344998 0.235896 0.204627 0.214479 1
1 782  0.344502 0.235844 0.205677 0.213978 1
1 783  0.34413 0.235608 0.206845 0.213417 1
1 784  0.343854 0.235219 0.208116 0.212811 1
1 785  0.343644 0.234706 0.209472 0.212179 1
1 786  0.343473 0.234102 0.210891 0.211533 1
1 787  0.343319 0.233441 0.212351 0.210889 1
1 788  0.34317 0.232748 0.213824 0.210258 1
1 789  0.34302 0.232045 0.215285 0.20965 1
1 790  0.342876 0.231348 0.216702 0.209073 1
1 791  0.342756 0.230663 0.218048 0.208533 1
1 792  0.342683 0.22999 0.219293 0.208034 1
1 793  0.342692 0.229321 0.22041 0.207578 1
1 794  0.342817 0.228644 0.221372 0.207167 1
1 795  0.343097 0.227945 0.222157 0.206802 1
1 796  0.343566 0.227206 0.222745 0.206482 1
1 797  0.344252 0.226416 0.223124 0.206208 1
1 798  0.345173 0.225564 0.223283 0.20598 1
1 799  0.346336 0.224646 0.223221 0.205797 1
1 800  0.347734 0.223666 0.222939 0.205662 1
1 801  0.349342 0.222637 0.222446 0.205575 1
1 802  0.351124 0.221578 0.221757 0.205541 1
1 803  0.353028 0.220518 0.220893 0.205561 1
1 804  0.354995 0.219489 0.219877 0.20564 1
1 805  0.356954 0.218528 0.218738 0.205781 1
1 806  0.358833 0.217673 0.217505 0.205988 1
1 807  0.360562 0.216961 0.216212 0.206264 1
1 808  0.362074 0.216424 0.214891 0.206611 1
1 809  0.363313 0.216088 0.213571 0.207028 1
1 810  0.364236 0.215969 0.212282 0.207513 1
1 811  0.364815 0.216075 0.211049 0.208061 1
1 812  0.36504 0.216402 0.209892 0.208666 1
1 813  0.364919 0.216936 0.208829 0.209316 1
1 814  0.364475 0.217655 0.20787 0.210001 1
1 815  0.363747 0.218529 0.207021 0.210703 1
1 816  0.362787 0.219522 0.206285 0.211406 1
1 817  0.361653 0.220596 0.205659 0.212092 1
1 818  0.360408 0.221715 0.205136 0.212742 1
1 819  0.359111 0.222844 0.204708 0.213337 1
1 820  0.357821 0.223953 0.204366 0.21386 1
1 821  0.356584 0.225022 0.204098 0.214297 1
1 822  0.355435 0.226036 0.203895 0.214634 1
1 823  0.354398 0.226989 0.203748 0.214865 1
1 824  0.353479 0.227886 0.203649 0.214986 1
1 825  0.352675 0.228734 0.203595 0.214996 1
1 826  0.351967 0.229548 0.203583 0.214902 1
1 827  0.351331 0.230345 0.203613 0.214711 1
1 828  0.350734 0.231141 0.203687 0.214437 1
1 829  0.350147 0.231949 0.20381 0.214095 1
1 830  0.349539 0.232777 0.203984 0.2137 1
1 831  0.348889 0.233625 0.204216 0.21327 1
1 832  0.348187 0.234487 0.204507 0.21282 1
1 833  0.347434 0.235343 0.20486 0.212363 1
1 834  0.346646 0.23617 0.205274 0.21191 1
1 835  0.345853 0.236933 0.205747 0.211467 1
1 836  0.345098 0.237593 0.206272 0.211037 1
1 837  0.344433 0.238109 0.206842 0.210617 1
1 838  0.343915 0.238439 0.207445 0.2102 1
1 839  0.343606 0.238547 0.208069 0.209778 1
1 840  0.343562 0.2384 0.2087 0.209338 1
1 841  0.343829 0.23798 0.209324 0.208868 1
1 842  0.344441 0.237276 0.209928 0.208355 1
1 843  0.345414 0.236296 0.2105 0.20779 1
1 844  0.346743 0.235059 0.211032 0.207166 1
1 845  0.3484 0.233599 0.211518 0.206482 1
1 846  0.350336 0.231965 0.211956 0.205743 1
1 847  0.35248 0.230215 0.212347 0.204958 1
1 848  0.354743 0.228415 0.212696 0.204146 1
1 849  0.357023 0.226635 0.213013 0.203329 1
1 850  0.35921 0.224946 0.213307 0.202537 1
1 851  0.361193 0.223416 0.213592 0.2018 1
1 852  0.362865 0.222102 0.213879 0.201154 1
1 853  0.364132 0.221055 0.214182 0.200631 1
1 854  0.364917 0.220309 0.21451 0.200265 1
1 855  0.365163 0.219885 0.21487 0.200081 1
1 856  0.364842 0.219788 0.215268 0.200102 1
1 857  0.363952 0.220005 0.215702 0.20034 1
1 858  0.362517 0.220513 0.216169 0.2008 1
1 859  0.36059 0.221274 0.216659 0.201477 1
1 860  0.358246 0.222239 0.21716 0.202354 1
1 861  0.355578 0.223355 0.217658 0.20341 1
1 862  0.352691 0.224565 0.218133 0.20461 1
1 863  0.3497 0.225813 0.218569 0.205918 1
1 864  0.346718 0.227044 0.218947 0.207291 1
1 865  0.343852 0.228213 0.21925 0.208685 1
1 866  0.3412 0.229279 0.219467 0.210055 1
1 867  0.338841 0.230213 0.219585 0.211361 1
1 868  0.336839 0.230996 0.2196 0.212564 1
1 869  0.335234 0.231619 0.219511 0.213636 1
1 870  0.334044 0.232082 0.219322 0.214552 1
1 871  0.333269 0.232392 0.21904 0.215298 1
1 872  0.33289 0.232566 0.218677 0.215867 1
1 873  0.332871 0.23262 0.218249 0.21626 1
1 874  0.333167 0.232576 0.217771 0.216486 1
1 875  0.333726 0.232454 0.217263 0.216557 1
1 876  0.334492 0.232275 0.21674 0.216493 1
1 877  0.335413 0.232055 0.216219 0.216313 1
1 878  0.33644 0.231806 0.215715 0.216039 1
1 879  0.337533 0.231538 0.215237 0.215692 1
1 880  0.33866 0.231255 0.214793 0.215291 1
1 881  0.339802 0.230959 0.214389 0.21485 1
1 882  0.340946 0.230647 0.214024 0.214383 1
1 883  0.342089 0.230316 0.213697 0.213898 1
1 884  0.343237 0.229961 0.213403 0.213399 1
1 885  0.344396 0.229579 0.213136 0.212889 1
1 886  0.345579 0.229165 0.21289 0.212367 1
1 887  0.346793 0.228719 0.212658 0.21183 1
1 888  0.348046 0.228243 0.212435 0.211276 1
1 889  0.34934 0.22774 0.212215 0.210704 1
1 890  0.350671 0.227217 0.211999 0.210114 1
1 891  0.352026 0.226684 0.211785 0.209506 1
1 892  0.353388 0.22615 0.211576 0.208886 1
1 893  0.354734 0.225627 0.21138 0.20826 1
1 894  0.356033 0.225126 0.211203 0.207637 1
1 895  0.357255 0.224658 0.211056 0.207031 1
1 896  0.358364 0.224232 0.21095 0.206454 1
1 897  0.359328 0.223854 0.210897 0.205921 1
