Step Time(ns) rpsystem.singlet rpsystem.t0 rpsystem.tp rpsystem.tm rpsystem.identity 
1 0 1 0 0 0 1 
1 1 0.996206 0.00138594 0.00120401 0.00120422 1 
1 2 0.984927 0.00550604 0.00478244 0.00478435 1 
1 3 0.966471 0.0122487 0.0106363 0.0106436 1 
1 4 0.941337 0.0214328 0.0186053 0.0186248 1 
1 5 0.910194 0.0328145 0.0284747 0.0285164 1 
1 6 0.873858 0.0460968 0.0399834 0.0400615 1 
1 7 0.833258 0.0609404 0.0528344 0.0529673 1 
1 8 0.7894 0.0769764 0.0667068 0.0669171 1 
1 9 0.743332 0.0938195 0.0812671 0.0815819 1 
1 10 0.696104 0.111081 0.0961821 0.0966323 1 
1 11 0.648735 0.128384 0.111131 0.11175 1 
1 12 0.602175 0.145371 0.125814 0.126641 1 
1 13 0.557279 0.161719 0.139965 0.141038 1 
1 14 0.514782 0.177147 0.153357 0.154715 1 
1 15 0.475284 0.191421 0.165806 0.16749 1 
1 16 0.439237 0.204361 0.177178 0.179225 1 
1 17 0.406943 0.215841 0.187385 0.189831 1 
1 18 0.378556 0.225789 0.19639 0.199265 1 
1 19 0.354091 0.234188 0.204195 0.207525 1 
1 20 0.33344 0.241066 0.210845 0.214649 1 
1 21 0.31639 0.246494 0.216413 0.220703 1 
1 22 0.302641 0.250579 0.221001 0.225779 1 
1 23 0.291835 0.253456 0.224723 0.229986 1 
1 24 0.283576 0.255278 0.227706 0.23344 1 
1 25 0.277454 0.25621 0.230076 0.23626 1 
1 26 0.273067 0.256423 0.231952 0.238557 1 
1 27 0.270039 0.256083 0.233444 0.240434 1 
1 28 0.268034 0.255347 0.234642 0.241977 1 
1 29 0.266771 0.254358 0.235618 0.243253 1 
1 30 0.266026 0.253242 0.236421 0.244311 1 
1 31 0.265642 0.252103 0.237079 0.245176 1 
1 32 0.265523 0.251025 0.237595 0.245857 1 
1 33 0.265632 0.250067 0.237958 0.246343 1 
1 34 0.265984 0.24927 0.238135 0.24661 1 
1 35 0.26664 0.248653 0.238085 0.246623 1 
1 36 0.26769 0.248216 0.237756 0.246339 1 
1 37 0.269247 0.247945 0.237094 0.245714 1 
1 38 0.271433 0.247814 0.236047 0.244706 1 
1 39 0.27437 0.247786 0.234566 0.243278 1 
1 40 0.278166 0.24782 0.232613 0.2414 1 
1 41 0.28291 0.247869 0.230163 0.239058 1 
1 42 0.288663 0.247886 0.227204 0.236248 1 
1 43 0.295452 0.247825 0.22374 0.232982 1 
1 44 0.303272 0.247645 0.219795 0.229287 1 
1 45 0.312079 0.247309 0.215407 0.225204 1 
1 46 0.321794 0.246787 0.210629 0.220789 1 
1 47 0.332305 0.246056 0.205531 0.216109 1 
1 48 0.34347 0.245101 0.200192 0.211238 1 
1 49 0.355123 0.243915 0.194701 0.20626 1 
1 50 0.36708 0.242502 0.189154 0.201263 1 
1 51 0.379146 0.240872 0.183649 0.196333 1 
1 52 0.391116 0.239042 0.178284 0.191558 1 
1 53 0.40279 0.23704 0.173152 0.187019 1 
1 54 0.41397 0.234896 0.168343 0.182791 1 
1 55 0.424471 0.23265 0.163937 0.178943 1 
1 56 0.434125 0.230343 0.160003 0.175529 1 
1 57 0.442783 0.228022 0.156599 0.172596 1 
1 58 0.450316 0.225736 0.15377 0.170178 1 
1 59 0.456622 0.223535 0.151547 0.168296 1 
1 60 0.461625 0.221467 0.149948 0.16696 1 
1 61 0.465273 0.219582 0.148977 0.166168 1 
1 62 0.46754 0.217924 0.148626 0.165909 1 
1 63 0.468425 0.216536 0.148876 0.166163 1 
1 64 0.467948 0.215454 0.149697 0.1669 1 
1 65 0.466153 0.214708 0.151052 0.168088 1 
1 66 0.463097 0.214322 0.152895 0.169686 1 
1 67 0.458859 0.21431 0.155177 0.171653 1 
1 68 0.453526 0.214682 0.157846 0.173947 1 
1 69 0.447198 0.215434 0.160846 0.176522 1 
1 70 0.439983 0.216556 0.164124 0.179337 1 
1 71 0.431993 0.218031 0.167626 0.18235 1 
1 72 0.423342 0.219831 0.171301 0.185526 1 
1 73 0.414149 0.221922 0.175102 0.188827 1 
1 74 0.404527 0.224263 0.178986 0.192225 1 
1 75 0.394589 0.226806 0.182914 0.195691 1 
1 76 0.384444 0.229501 0.186853 0.199203 1 
1 77 0.374195 0.232293 0.190773 0.202739 1 
1 78 0.363941 0.235127 0.19465 0.206282 1 
1 79 0.35377 0.237947 0.198465 0.209818 1 
1 80 0.343768 0.240698 0.202201 0.213333 1 
1 81 0.334011 0.24333 0.205844 0.216814 1 
1 82 0.324569 0.245796 0.209385 0.22025 1 
1 83 0.315502 0.248054 0.212813 0.223631 1 
1 84 0.306867 0.250069 0.216122 0.226942 1 
1 85 0.29871 0.251814 0.219304 0.230171 1 
1 86 0.291073 0.253271 0.222351 0.233305 1 
1 87 0.28399 0.254429 0.225254 0.236326 1 
1 88 0.27749 0.255287 0.228005 0.239218 1 
1 89 0.271596 0.25585 0.230592 0.241963 1 
1 90 0.266323 0.256134 0.233002 0.244541 1 
1 91 0.261685 0.25616 0.235222 0.246933 1 
1 92 0.257687 0.255957 0.237237 0.249118 1 
1 93 0.254332 0.25556 0.239031 0.251077 1 
1 94 0.251616 0.255005 0.240587 0.252792 1 
1 95 0.249532 0.254333 0.241888 0.254246 1 
1 96 0.248069 0.253588 0.242918 0.255425 1 
1 97 0.247209 0.252811 0.243663 0.256316 1 
1 98 0.246934 0.252044 0.244109 0.256913 1 
1 99 0.24722 0.251325 0.244245 0.25721 1 
1 100 0.248038 0.250689 0.244065 0.257208 1 
1 101 0.249359 0.250167 0.243564 0.25691 1 
1 102 0.251147 0.249785 0.242743 0.256324 1 
1 103 0.253367 0.249562 0.241607 0.255464 1 
1 104 0.255979 0.24951 0.240166 0.254346 1 
1 105 0.258941 0.249636 0.238433 0.25299 1 
1 106 0.262211 0.249942 0.236429 0.251419 1 
1 107 0.265744 0.25042 0.234176 0.24966 1 
1 108 0.269497 0.25106 0.231704 0.24774 1 
1 109 0.273425 0.251845 0.229043 0.245688 1 
1 110 0.277485 0.252754 0.226228 0.243534 1 
1 111 0.281634 0.253762 0.223297 0.241307 1 
1 112 0.285832 0.254843 0.220289 0.239035 1 
1 113 0.290043 0.255969 0.217243 0.236746 1 
1 114 0.294231 0.257108 0.214198 0.234463 1 
1 115 0.298366 0.258232 0.211194 0.232208 1 
1 116 0.302421 0.259313 0.208266 0.23 1 
1 117 0.306373 0.260323 0.20545 0.227854 1 
1 118 0.310203 0.261239 0.202776 0.225782 1 
1 119 0.313897 0.262037 0.200273 0.223793 1 
1 120 0.317446 0.262702 0.197962 0.221891 1 
1 121 0.320841 0.263217 0.195863 0.220079 1 
1 122 0.324081 0.263573 0.193989 0.218357 1 
1 123 0.327163 0.263763 0.192351 0.216722 1 
1 124 0.33009 0.263786 0.190953 0.215171 1 
1 125 0.332864 0.263642 0.189795 0.213699 1 
1 126 0.335488 0.263337 0.188875 0.2123 1 
1 127 0.337963 0.262881 0.188185 0.210971 1 
1 128 0.340292 0.262285 0.187716 0.209708 1 
1 129 0.342471 0.261564 0.187456 0.208509 1 
1 130 0.344499 0.260736 0.187392 0.207373 1 
1 131 0.346366 0.259819 0.18751 0.206305 1 
1 132 0.348062 0.258836 0.187794 0.205308 1 
1 133 0.349571 0.257806 0.188231 0.204392 1 
1 134 0.350876 0.256754 0.188805 0.203565 1 
1 135 0.351952 0.2557 0.189505 0.202843 1 
1 136 0.352774 0.254667 0.19032 0.20224 1 
1 137 0.353314 0.253675 0.191238 0.201772 1 
1 138 0.353543 0.252745 0.192253 0.201459 1 
1 139 0.353429 0.251894 0.193358 0.201319 1 
1 140 0.352944 0.251138 0.194548 0.20137 1 
1 141 0.35206 0.25049 0.19582 0.20163 1 
1 142 0.350753 0.249959 0.197172 0.202115 1 
1 143 0.349005 0.249555 0.198604 0.202836 1 
1 144 0.346802 0.249279 0.200115 0.203804 1 
1 145 0.344139 0.249134 0.201703 0.205024 1 
1 146 0.341018 0.249115 0.20337 0.206497 1 
1 147 0.337452 0.249217 0.205113 0.208218 1 
1 148 0.333461 0.249429 0.20693 0.21018 1 
1 149 0.329077 0.249739 0.208817 0.212366 1 
1 150 0.324341 0.250132 0.21077 0.214757 1 
1 151 0.319304 0.250588 0.212779 0.217328 1 
1 152 0.314026 0.251089 0.214836 0.220049 1 
1 153 0.308572 0.251613 0.216929 0.222886 1 
1 154 0.303018 0.252139 0.219043 0.2258 1 
1 155 0.297442 0.252645 0.22116 0.228753 1 
1 156 0.291926 0.253111 0.223264 0.2317 1 
1 157 0.286553 0.253517 0.225331 0.234599 1 
1 158 0.281407 0.253846 0.22734 0.237406 1 
1 159 0.276568 0.254086 0.229267 0.240079 1 
1 160 0.272112 0.254225 0.231086 0.242577 1 
1 161 0.268108 0.254256 0.232772 0.244863 1 
1 162 0.264619 0.254179 0.234299 0.246903 1 
1 163 0.261696 0.253994 0.235643 0.248667 1 
1 164 0.25938 0.253709 0.236781 0.25013 1 
1 165 0.257701 0.253335 0.23769 0.251275 1 
1 166 0.256676 0.252886 0.238352 0.252087 1 
1 167 0.256309 0.252381 0.23875 0.25256 1 
1 168 0.256592 0.251842 0.238874 0.252693 1 
1 169 0.257505 0.251291 0.238713 0.25249 1 
1 170 0.259017 0.250754 0.238265 0.251964 1 
1 171 0.261086 0.250254 0.237531 0.251129 1 
1 172 0.263661 0.249816 0.236517 0.250006 1 
1 173 0.266686 0.249463 0.235232 0.248619 1 
1 174 0.270095 0.249214 0.233694 0.246997 1 
1 175 0.273823 0.249086 0.231922 0.245169 1 
1 176 0.2778 0.24909 0.229941 0.243169 1 
1 177 0.281958 0.249235 0.227779 0.241028 1 
1 178 0.286229 0.249524 0.225466 0.23878 1 
1 179 0.29055 0.249954 0.223038 0.236458 1 
1 180 0.294862 0.250516 0.220529 0.234093 1 
1 181 0.29911 0.251199 0.217975 0.231716 1 
1 182 0.303249 0.251984 0.215414 0.229352 1 
1 183 0.307239 0.252851 0.21288 0.227029 1 
1 184 0.311048 0.253776 0.210408 0.224768 1 
1 185 0.314652 0.25473 0.208029 0.22259 1 
1 186 0.318032 0.255686 0.205772 0.22051 1 
1 187 0.321179 0.256616 0.203663 0.218543 1 
1 188 0.324086 0.257491 0.201723 0.216701 1 
1 189 0.326753 0.258285 0.199969 0.214992 1 
1 190 0.329184 0.258975 0.198416 0.213425 1 
1 191 0.331385 0.25954 0.197072 0.212003 1 
1 192 0.333363 0.259965 0.19594 0.210732 1 
1 193 0.335126 0.260238 0.195023 0.209613 1 
1 194 0.336682 0.260352 0.194317 0.208649 1 
1 195 0.338036 0.260307 0.193817 0.20784 1 
1 196 0.339195 0.260106 0.193512 0.207187 1 
1 197 0.340159 0.259759 0.193393 0.206689 1 
1 198 0.340929 0.259279 0.193446 0.206346 1 
1 199 0.341501 0.258682 0.193659 0.206158 1 
1 200 0.341871 0.257989 0.194017 0.206123 1 
1 201 0.342031 0.257223 0.194507 0.20624 1 
1 202 0.341972 0.256408 0.195114 0.206507 1 
1 203 0.341684 0.255568 0.195826 0.206921 1 
1 204 0.341159 0.254728 0.196633 0.20748 1 
1 205 0.340386 0.253911 0.197525 0.208179 1 
1 206 0.339358 0.253137 0.198492 0.209013 1 
1 207 0.338069 0.252424 0.19953 0.209977 1 
1 208 0.336516 0.251789 0.200632 0.211063 1 
1 209 0.334699 0.25124 0.201797 0.212264 1 
1 210 0.332621 0.250787 0.203021 0.213571 1 
1 211 0.330291 0.25043 0.204304 0.214974 1 
1 212 0.327722 0.25017 0.205645 0.216463 1 
1 213 0.324929 0.25 0.207045 0.218026 1 
1 214 0.321934 0.249912 0.208504 0.21965 1 
1 215 0.318761 0.249895 0.21002 0.221323 1 
1 216 0.315439 0.249934 0.211594 0.223033 1 
1 217 0.312001 0.250012 0.213222 0.224765 1 
1 218 0.308479 0.250114 0.214901 0.226507 1 
1 219 0.304912 0.25022 0.216624 0.228244 1 
1 220 0.301337 0.250315 0.218385 0.229964 1 
1 221 0.297793 0.250382 0.220173 0.231652 1 
1 222 0.294321 0.250407 0.221975 0.233297 1 
1 223 0.290959 0.250377 0.223779 0.234886 1 
1 224 0.287744 0.250284 0.225566 0.236405 1 
1 225 0.284715 0.25012 0.22732 0.237845 1 
1 226 0.281904 0.249884 0.229019 0.239193 1 
1 227 0.279343 0.249575 0.230643 0.240439 1 
1 228 0.277062 0.249196 0.232168 0.241573 1 
1 229 0.275085 0.248755 0.233574 0.242586 1 
1 230 0.273433 0.248261 0.234836 0.24347 1 
1 231 0.272124 0.247725 0.235935 0.244216 1 
1 232 0.271171 0.247162 0.236848 0.244818 1 
1 233 0.270583 0.246588 0.237558 0.245271 1 
1 234 0.270365 0.246018 0.238048 0.245569 1 
1 235 0.270517 0.245469 0.238304 0.24571 1 
1 236 0.271034 0.244958 0.238316 0.245692 1 
1 237 0.271909 0.2445 0.238078 0.245513 1 
1 238 0.27313 0.244109 0.237586 0.245174 1 
1 239 0.274681 0.243799 0.236841 0.244678 1 
1 240 0.276543 0.24358 0.235848 0.244028 1 
1 241 0.278694 0.243459 0.234617 0.24323 1 
1 242 0.281109 0.243443 0.233159 0.242288 1 
1 243 0.283762 0.243533 0.231492 0.241213 1 
1 244 0.286623 0.243731 0.229634 0.240012 1 
1 245 0.289662 0.244032 0.227609 0.238697 1 
1 246 0.292849 0.244432 0.225441 0.237278 1 
1 247 0.296151 0.244922 0.223158 0.235769 1 
1 248 0.299538 0.245492 0.220788 0.234182 1 
1 249 0.302977 0.24613 0.21836 0.232533 1 
1 250 0.306438 0.246822 0.215904 0.230835 1 
1 251 0.309892 0.247554 0.21345 0.229103 1 
1 252 0.313311 0.248309 0.211027 0.227354 1 
1 253 0.316667 0.24907 0.208662 0.225601 1 
1 254 0.319936 0.249821 0.206382 0.223861 1 
1 255 0.323094 0.250546 0.204212 0.222148 1 
1 256 0.32612 0.251228 0.202175 0.220477 1 
1 257 0.328994 0.251853 0.20029 0.218863 1 
1 258 0.331698 0.252406 0.198576 0.21732 1 
1 259 0.334217 0.252875 0.197047 0.21586 1 
1 260 0.336536 0.25325 0.195717 0.214497 1 
1 261 0.338642 0.253521 0.194595 0.213242 1 
1 262 0.340523 0.253683 0.193688 0.212106 1 
1 263 0.342169 0.253732 0.193 0.211099 1 
1 264 0.343571 0.253665 0.192533 0.210231 1 
1 265 0.344719 0.253484 0.192287 0.20951 1 
1 266 0.345608 0.253192 0.192259 0.208941 1 
1 267 0.346232 0.252796 0.192442 0.208531 1 
1 268 0.346584 0.252305 0.192829 0.208283 1 
1 269 0.346661 0.251728 0.193411 0.2082 1 
1 270 0.346462 0.25108 0.194176 0.208282 1 
1 271 0.345985 0.250374 0.195112 0.208529 1 
1 272 0.345232 0.249626 0.196203 0.208938 1 
1 273 0.344206 0.248854 0.197434 0.209506 1 
1 274 0.342913 0.248073 0.198789 0.210225 1 
1 275 0.341362 0.247301 0.20025 0.211088 1 
1 276 0.339563 0.246554 0.201798 0.212085 1 
1 277 0.337531 0.245846 0.203417 0.213206 1 
1 278 0.335283 0.245192 0.205087 0.214437 1 
1 279 0.332841 0.244602 0.206792 0.215766 1 
1 280 0.330227 0.244084 0.208513 0.217176 1 
1 281 0.327468 0.243645 0.210235 0.218653 1 
1 282 0.324592 0.243286 0.211942 0.22018 1 
1 283 0.321631 0.243009 0.213619 0.22174 1 
1 284 0.318618 0.24281 0.215254 0.223318 1 
1 285 0.315584 0.242683 0.216836 0.224897 1 
1 286 0.312565 0.24262 0.218354 0.226461 1 
1 287 0.309594 0.242611 0.2198 0.227995 1 
1 288 0.306702 0.242644 0.221167 0.229487 1 
1 289 0.303922 0.242706 0.222449 0.230922 1 
1 290 0.301281 0.242786 0.223641 0.232291 1 
1 291 0.298806 0.24287 0.22474 0.233584 1 
1 292 0.296519 0.242947 0.225743 0.234792 1 
1 293 0.294438 0.243007 0.226646 0.235908 1 
1 294 0.29258 0.243043 0.227449 0.236928 1 
1 295 0.290955 0.243049 0.228149 0.237847 1 
1 296 0.289571 0.243023 0.228745 0.238662 1 
1 297 0.288432 0.242965 0.229233 0.239371 1 
1 298 0.28754 0.242877 0.22961 0.239972 1 
1 299 0.286892 0.242767 0.229875 0.240466 1 
1 300 0.286484 0.242642 0.230023 0.240851 1 
1 301 0.286311 0.242513 0.230049 0.241126 1 
1 302 0.286365 0.242391 0.229951 0.241293 1 
1 303 0.286638 0.242289 0.229724 0.241349 1 
1 304 0.287122 0.242219 0.229363 0.241296 1 
1 305 0.287809 0.242194 0.228866 0.241132 1 
1 306 0.28869 0.242225 0.228229 0.240856 1 
1 307 0.289759 0.242321 0.227452 0.240468 1 
1 308 0.29101 0.242489 0.226534 0.239967 1 
1 309 0.292435 0.242733 0.225478 0.239353 1 
1 310 0.29403 0.243055 0.224288 0.238627 1 
1 311 0.295789 0.243452 0.222968 0.237791 1 
1 312 0.297707 0.243919 0.221529 0.236845 1 
1 313 0.299776 0.244449 0.219981 0.235794 1 
1 314 0.301991 0.245029 0.218337 0.234642 1 
1 315 0.304343 0.245648 0.216613 0.233396 1 
1 316 0.306821 0.246289 0.214826 0.232064 1 
1 317 0.309413 0.246936 0.212996 0.230655 1 
1 318 0.312105 0.247572 0.211141 0.229181 1 
1 319 0.31488 0.24818 0.209284 0.227655 1 
1 320 0.317719 0.248745 0.207446 0.22609 1 
1 321 0.3206 0.24925 0.205648 0.224501 1 
1 322 0.3235 0.249683 0.203911 0.222906 1 
1 323 0.326393 0.250034 0.202252 0.22132 1 
1 324 0.329254 0.250294 0.200691 0.219761 1 
1 325 0.332054 0.250457 0.199243 0.218246 1 
1 326 0.334768 0.250522 0.19792 0.21679 1 
1 327 0.337367 0.250489 0.196734 0.21541 1 
1 328 0.339827 0.250361 0.195692 0.21412 1 
1 329 0.342123 0.250143 0.1948 0.212934 1 
1 330 0.344233 0.249844 0.19406 0.211863 1 
1 331 0.346137 0.249471 0.193474 0.210917 1 
1 332 0.34782 0.249037 0.193039 0.210105 1 
1 333 0.349267 0.24855 0.192751 0.209432 1 
1 334 0.350468 0.248024 0.192606 0.208903 1 
1 335 0.351416 0.247467 0.192597 0.20852 1 
1 336 0.352108 0.246891 0.192718 0.208283 1 
1 337 0.352542 0.246306 0.19296 0.208192 1 
1 338 0.352721 0.245718 0.193317 0.208244 1 
1 339 0.352649 0.245135 0.193782 0.208434 1 
1 340 0.352333 0.244563 0.194348 0.208757 1 
1 341 0.35178 0.244005 0.195009 0.209207 1 
1 342 0.351001 0.243464 0.19576 0.209775 1 
1 343 0.350006 0.242943 0.196597 0.210455 1 
1 344 0.348806 0.242442 0.197515 0.211237 1 
1 345 0.347414 0.241961 0.198513 0.212112 1 
1 346 0.345841 0.241501 0.199586 0.213071 1 
1 347 0.344101 0.241062 0.200732 0.214105 1 
1 348 0.342206 0.240642 0.201949 0.215203 1 
1 349 0.34017 0.240243 0.203232 0.216355 1 
1 350 0.338005 0.239865 0.204578 0.217552 1 
1 351 0.335725 0.239509 0.205982 0.218784 1 
1 352 0.333345 0.239178 0.207437 0.22004 1 
1 353 0.33088 0.238873 0.208936 0.221311 1 
1 354 0.328346 0.238599 0.21047 0.222586 1 
1 355 0.32576 0.238358 0.212027 0.223855 1 
1 356 0.323141 0.238154 0.213596 0.225109 1 
1 357 0.320508 0.237993 0.215162 0.226337 1 
1 358 0.317882 0.237877 0.216711 0.227529 1 
1 359 0.315285 0.237812 0.218226 0.228676 1 
1 360 0.312741 0.237802 0.21969 0.229767 1 
1 361 0.310273 0.237849 0.221086 0.230792 1 
1 362 0.307906 0.237956 0.222395 0.231744 1 
1 363 0.305664 0.238125 0.223599 0.232612 1 
1 364 0.303572 0.238356 0.224682 0.233389 1 
1 365 0.301655 0.238649 0.225629 0.234068 1 
1 366 0.299935 0.239001 0.226423 0.23464 1 
1 367 0.298434 0.239411 0.227054 0.235102 1 
1 368 0.297171 0.239871 0.22751 0.235448 1 
1 369 0.296163 0.240378 0.227784 0.235675 1 
1 370 0.295424 0.240923 0.227871 0.235782 1 
1 371 0.294964 0.241498 0.227769 0.235769 1 
1 372 0.294792 0.242094 0.227479 0.235636 1 
1 373 0.294909 0.242699 0.227005 0.235387 1 
1 374 0.295315 0.243304 0.226354 0.235027 1 
1 375 0.296005 0.243897 0.225537 0.234562 1 
1 376 0.296969 0.244466 0.224565 0.233999 1 
1 377 0.298196 0.245001 0.223455 0.233347 1 
1 378 0.299667 0.245492 0.222224 0.232618 1 
1 379 0.301363 0.245928 0.220889 0.23182 1 
1 380 0.303261 0.246302 0.219471 0.230966 1 
1 381 0.305335 0.246608 0.217991 0.230066 1 
1 382 0.307559 0.246839 0.216469 0.229133 1 
1 383 0.309903 0.246994 0.214925 0.228177 1 
1 384 0.31234 0.247073 0.213379 0.227209 1 
1 385 0.314839 0.247075 0.211849 0.226237 1 
1 386 0.317372 0.247006 0.210352 0.22527 1 
1 387 0.319913 0.24687 0.208902 0.224314 1 
1 388 0.322436 0.246675 0.207513 0.223376 1 
1 389 0.324917 0.246431 0.206194 0.222458 1 
1 390 0.327337 0.246146 0.204954 0.221563 1 
1 391 0.329678 0.245832 0.203797 0.220693 1 
1 392 0.331924 0.2455 0.202728 0.219847 1 
1 393 0.334065 0.245162 0.201747 0.219026 1 
1 394 0.336092 0.244826 0.200854 0.218228 1 
1 395 0.337999 0.244503 0.200047 0.217451 1 
1 396 0.339783 0.2442 0.199322 0.216694 1 
1 397 0.341443 0.243924 0.198676 0.215957 1 
1 398 0.34298 0.243678 0.198105 0.215238 1 
1 399 0.344395 0.243464 0.197603 0.214537 1 
1 400 0.345693 0.243281 0.197169 0.213858 1 
1 401 0.346874 0.243127 0.196798 0.213201 1 
1 402 0.347944 0.242997 0.196489 0.212571 1 
1 403 0.348902 0.242885 0.196241 0.211972 1 
1 404 0.349751 0.242783 0.196054 0.211412 1 
1 405 0.35049 0.242683 0.195932 0.210896 1 
1 406 0.351115 0.242575 0.195877 0.210434 1 
1 407 0.351622 0.242451 0.195894 0.210033 1 
1 408 0.352006 0.242302 0.19599 0.209702 1 
1 409 0.352256 0.242121 0.196171 0.209451 1 
1 410 0.352363 0.241904 0.196445 0.209288 1 
1 411 0.352316 0.241645 0.196818 0.209221 1 
1 412 0.352101 0.241343 0.197299 0.209257 1 
1 413 0.351705 0.241 0.197892 0.209403 1 
1 414 0.351116 0.240618 0.198605 0.209661 1 
1 415 0.350322 0.240203 0.199438 0.210036 1 
1 416 0.349312 0.239763 0.200395 0.210529 1 
1 417 0.348079 0.239309 0.201474 0.211139 1 
1 418 0.346616 0.238852 0.20267 0.211862 1 
1 419 0.344924 0.238404 0.203977 0.212695 1 
1 420 0.343006 0.237981 0.205384 0.213629 1 
1 421 0.340868 0.237596 0.206879 0.214658 1 
1 422 0.338524 0.237263 0.208444 0.215769 1 
1 423 0.335993 0.236996 0.210061 0.21695 1 
1 424 0.333297 0.236807 0.211709 0.218188 1 
1 425 0.330465 0.236706 0.213362 0.219467 1 
1 426 0.327531 0.236703 0.214996 0.22077 1 
1 427 0.324531 0.236804 0.216584 0.222081 1 
1 428 0.321506 0.237013 0.218099 0.223382 1 
1 429 0.318501 0.23733 0.219515 0.224654 1 
1 430 0.315558 0.237755 0.220806 0.225881 1 
1 431 0.312725 0.238282 0.221948 0.227045 1 
1 432 0.310045 0.238904 0.222921 0.22813 1 
1 433 0.307561 0.239612 0.223705 0.229122 1 
1 434 0.305312 0.240394 0.224287 0.230007 1 
1 435 0.303334 0.241235 0.224657 0.230774 1 
1 436 0.301658 0.24212 0.224807 0.231415 1 
1 437 0.300307 0.243032 0.224738 0.231923 1 
1 438 0.299299 0.243954 0.224453 0.232294 1 
1 439 0.298646 0.244867 0.22396 0.232528 1 
1 440 0.29835 0.245754 0.223271 0.232626 1 
1 441 0.298407 0.246597 0.222403 0.232593 1 
1 442 0.298807 0.247382 0.221376 0.232436 1 
1 443 0.299531 0.248092 0.220212 0.232164 1 
1 444 0.300556 0.248717 0.218937 0.231789 1 
1 445 0.301853 0.249245 0.217578 0.231324 1 
1 446 0.303389 0.24967 0.21616 0.230781 1 
1 447 0.305127 0.249985 0.214711 0.230176 1 
1 448 0.30703 0.250189 0.213257 0.229524 1 
1 449 0.309058 0.250282 0.211821 0.228839 1 
1 450 0.311174 0.250267 0.210425 0.228134 1 
1 451 0.313339 0.250151 0.209088 0.227423 1 
1 452 0.31552 0.249942 0.207824 0.226714 1 
1 453 0.317685 0.249649 0.206647 0.226019 1 
1 454 0.319809 0.249285 0.205563 0.225343 1 
1 455 0.321869 0.248862 0.204577 0.224691 1 
1 456 0.323848 0.248395 0.20369 0.224066 1 
1 457 0.325735 0.247898 0.202899 0.223468 1 
1 458 0.327523 0.247383 0.202198 0.222896 1 
1 459 0.329209 0.246864 0.20158 0.222346 1 
1 460 0.330798 0.246353 0.201035 0.221814 1 
1 461 0.332294 0.24586 0.200551 0.221295 1 
1 462 0.333708 0.245394 0.200117 0.220781 1 
1 463 0.33505 0.244961 0.199722 0.220268 1 
1 464 0.336333 0.244565 0.199353 0.219749 1 
1 465 0.33757 0.244209 0.199003 0.219218 1 
1 466 0.338772 0.243893 0.198662 0.218673 1 
1 467 0.339949 0.243616 0.198325 0.21811 1 
1 468 0.34111 0.243373 0.197989 0.217528 1 
1 469 0.342259 0.243159 0.197654 0.216928 1 
1 470 0.343397 0.24297 0.19732 0.216313 1 
1 471 0.344521 0.242797 0.196994 0.215689 1 
1 472 0.345624 0.242633 0.196683 0.215061 1 
1 473 0.346695 0.242471 0.196396 0.214438 1 
1 474 0.34772 0.242304 0.196145 0.213831 1 
1 475 0.34868 0.242125 0.195944 0.213251 1 
1 476 0.349554 0.241929 0.195806 0.212711 1 
1 477 0.35032 0.24171 0.195746 0.212223 1 
1 478 0.350955 0.241466 0.195779 0.2118 1 
1 479 0.351435 0.241193 0.195916 0.211456 1 
1 480 0.351736 0.240892 0.196171 0.211201 1 
1 481 0.35184 0.240562 0.196552 0.211047 1 
1 482 0.351728 0.240204 0.197066 0.211002 1 
1 483 0.351388 0.239822 0.197718 0.211072 1 
1 484 0.35081 0.239419 0.198507 0.211264 1 
1 485 0.349992 0.239 0.199431 0.211577 1 
1 486 0.348936 0.238571 0.200481 0.212012 1 
1 487 0.347651 0.238137 0.201647 0.212564 1 
1 488 0.346151 0.237705 0.202915 0.213228 1 
1 489 0.344458 0.237283 0.204266 0.213993 1 
1 490 0.342596 0.236877 0.205679 0.214848 1 
1 491 0.340595 0.236494 0.207131 0.215779 1 
1 492 0.33849 0.236143 0.208596 0.216771 1 
1 493 0.336317 0.235831 0.210048 0.217805 1 
1 494 0.334114 0.235563 0.211459 0.218864 1 
1 495 0.331921 0.235348 0.212802 0.219929 1 
1 496 0.329773 0.235191 0.214054 0.220982 1 
1 497 0.327709 0.235099 0.215188 0.222004 1 
1 498 0.32576 0.235074 0.216186 0.22298 1 
1 499 0.323955 0.235122 0.217029 0.223894 1 
1 500 0.322319 0.235246 0.217703 0.224732 1 
1 501 0.320872 0.235445 0.218198 0.225486 1 
1 502 0.319625 0.235721 0.218509 0.226145 1 
1 503 0.318587 0.236072 0.218635 0.226706 1 
1 504 0.31776 0.236494 0.21858 0.227166 1 
1 505 0.317139 0.236983 0.218353 0.227525 1 
1 506 0.316718 0.237531 0.217965 0.227786 1 
1 507 0.316483 0.238132 0.217432 0.227954 1 
1 508 0.316418 0.238774 0.216772 0.228036 1 
1 509 0.316504 0.239447 0.216007 0.228041 1 
1 510 0.316723 0.240139 0.21516 0.227978 1 
1 511 0.317053 0.240837 0.214252 0.227858 1 
1 512 0.317475 0.241526 0.213308 0.227691 1 
1 513 0.31797 0.242194 0.21235 0.227486 1 
1 514 0.318522 0.242828 0.211398 0.227253 1 
1 515 0.319117 0.243413 0.210472 0.226998 1 
1 516 0.319744 0.24394 0.209587 0.226729 1 
1 517 0.320398 0.244397 0.208757 0.226448 1 
1 518 0.321072 0.244777 0.207991 0.22616 1 
1 519 0.321768 0.245072 0.207296 0.225863 1 
1 520 0.322487 0.24528 0.206674 0.225558 1 
1 521 0.323234 0.245398 0.206126 0.225242 1 
1 522 0.324014 0.245428 0.205648 0.22491 1 
1 523 0.324835 0.245373 0.205234 0.224559 1 
1 524 0.325703 0.245238 0.204876 0.224183 1 
1 525 0.326624 0.245033 0.204565 0.223777 1 
1 526 0.327604 0.244766 0.204292 0.223338 1 
1 527 0.328643 0.244449 0.204045 0.222863 1 
1 528 0.329741 0.244095 0.203816 0.222348 1 
1 529 0.330894 0.243717 0.203594 0.221795 1 
1 530 0.332094 0.243329 0.203372 0.221205 1 
1 531 0.33333 0.242944 0.203145 0.220581 1 
1 532 0.334586 0.242574 0.202909 0.219931 1 
1 533 0.335845 0.24223 0.202664 0.219261 1 
1 534 0.337086 0.241923 0.202409 0.218583 1 
1 535 0.338286 0.241659 0.202149 0.217906 1 
1 536 0.339421 0.241445 0.20189 0.217244 1 
1 537 0.340467 0.241283 0.201639 0.216611 1 
1 538 0.341402 0.241174 0.201405 0.216018 1 
1 539 0.342204 0.241116 0.201199 0.215481 1 
1 540 0.342854 0.241104 0.201032 0.21501 1 
1 541 0.343338 0.241131 0.200914 0.214618 1 
1 542 0.343644 0.24119 0.200855 0.214312 1 
1 543 0.343766 0.241268 0.200865 0.2141 1 
1 544 0.343705 0.241356 0.200952 0.213986 1 
1 545 0.343464 0.241441 0.201122 0.213973 1 
1 546 0.343054 0.24151 0.201378 0.214058 1 
1 547 0.342487 0.241552 0.201721 0.21424 1 
1 548 0.341785 0.241555 0.202151 0.21451 1 
1 549 0.340968 0.241509 0.202662 0.214861 1 
1 550 0.340063 0.241406 0.20325 0.215281 1 
1 551 0.339096 0.241241 0.203903 0.215759 1 
1 552 0.338096 0.24101 0.204613 0.216281 1 
1 553 0.337089 0.240712 0.205366 0.216833 1 
1 554 0.336102 0.240349 0.206149 0.2174 1 
1 555 0.335159 0.239925 0.206947 0.21797 1 
1 556 0.334279 0.239448 0.207745 0.218527 1 
1 557 0.33348 0.238928 0.20853 0.219062 1 
1 558 0.332774 0.238376 0.209287 0.219564 1 
1 559 0.332167 0.237806 0.210003 0.220024 1 
1 560 0.331662 0.237232 0.210669 0.220437 1 
1 561 0.331256 0.236671 0.211273 0.2208 1 
1 562 0.330942 0.236139 0.21181 0.221109 1 
1 563 0.33071 0.23565 0.212273 0.221367 1 
1 564 0.330546 0.23522 0.212659 0.221576 1 
1 565 0.330431 0.234861 0.212968 0.221739 1 
1 566 0.33035 0.234587 0.2132 0.221864 1 
1 567 0.330282 0.234405 0.213358 0.221955 1 
1 568 0.330211 0.234323 0.213445 0.222022 1 
1 569 0.330119 0.234344 0.213467 0.22207 1 
1 570 0.329992 0.234471 0.213428 0.222109 1 
1 571 0.329819 0.234702 0.213335 0.222144 1 
1 572 0.329592 0.235033 0.213195 0.222181 1 
1 573 0.329307 0.235456 0.213012 0.222225 1 
1 574 0.328966 0.235963 0.212792 0.222279 1 
1 575 0.328572 0.236542 0.21254 0.222346 1 
1 576 0.328134 0.237181 0.212261 0.222425 1 
1 577 0.327664 0.237865 0.211956 0.222515 1 
1 578 0.327178 0.23858 0.211629 0.222613 1 
1 579 0.326691 0.239311 0.211281 0.222716 1 
1 580 0.326224 0.240043 0.210914 0.222819 1 
1 581 0.325795 0.240763 0.210527 0.222915 1 
1 582 0.325424 0.241455 0.210123 0.222999 1 
1 583 0.325128 0.242109 0.2097 0.223063 1 
1 584 0.324924 0.242714 0.20926 0.223102 1 
1 585 0.324825 0.243261 0.208804 0.22311 1 
1 586 0.324842 0.243743 0.208334 0.223081 1 
1 587 0.324983 0.244154 0.207851 0.223012 1 
1 588 0.32525 0.244492 0.207358 0.222899 1 
1 589 0.325644 0.244755 0.20686 0.222741 1 
1 590 0.326161 0.244942 0.20636 0.222537 1 
1 591 0.326792 0.245055 0.205864 0.222289 1 
1 592 0.327528 0.245098 0.205377 0.221997 1 
1 593 0.328354 0.245073 0.204905 0.221667 1 
1 594 0.329255 0.244986 0.204455 0.221303 1 
1 595 0.330213 0.244843 0.204032 0.220911 1 
1 596 0.33121 0.244649 0.203644 0.220497 1 
1 597 0.332225 0.244411 0.203295 0.220069 1 
1 598 0.333238 0.244135 0.202992 0.219634 1 
1 599 0.334232 0.243829 0.202739 0.2192 1 
1 600 0.335186 0.243498 0.202541 0.218775 1 
1 601 0.336084 0.243149 0.202401 0.218367 1 
1 602 0.336909 0.242788 0.202322 0.217981 1 
1 603 0.337648 0.242421 0.202306 0.217626 1 
1 604 0.338288 0.242052 0.202354 0.217306 1 
1 605 0.338819 0.241688 0.202467 0.217026 1 
1 606 0.339234 0.241331 0.202643 0.216792 1 
1 607 0.339527 0.240986 0.202882 0.216605 1 
1 608 0.339695 0.240656 0.203182 0.216467 1 
1 609 0.339739 0.240342 0.203538 0.21638 1 
1 610 0.33966 0.240048 0.203949 0.216343 1 
1 611 0.339463 0.239772 0.204409 0.216355 1 
1 612 0.339157 0.239516 0.204913 0.216414 1 
1 613 0.338749 0.239278 0.205456 0.216517 1 
1 614 0.338254 0.239057 0.20603 0.216659 1 
1 615 0.337684 0.238852 0.206629 0.216835 1 
1 616 0.337058 0.238658 0.207245 0.21704 1 
1 617 0.336392 0.238473 0.207868 0.217267 1 
1 618 0.335706 0.238293 0.20849 0.217511 1 
1 619 0.335021 0.238113 0.209101 0.217764 1 
1 620 0.334357 0.23793 0.209692 0.21802 1 
1 621 0.333735 0.237739 0.210253 0.218273 1 
1 622 0.333174 0.237537 0.210773 0.218516 1 
1 623 0.332692 0.237319 0.211245 0.218744 1 
1 624 0.332305 0.237083 0.211658 0.218953 1 
1 625 0.332027 0.236827 0.212006 0.219139 1 
1 626 0.331869 0.23655 0.212281 0.2193 1 
1 627 0.331836 0.236251 0.212479 0.219435 1 
1 628 0.331931 0.235932 0.212595 0.219543 1 
1 629 0.332154 0.235594 0.212627 0.219625 1 
1 630 0.332497 0.235242 0.212576 0.219686 1 
1 631 0.33295 0.234879 0.212443 0.219728 1 
1 632 0.3335 0.234513 0.212232 0.219755 1 
1 633 0.334128 0.234149 0.211949 0.219774 1 
1 634 0.334812 0.233797 0.2116 0.219791 1 
1 635 0.33553 0.233464 0.211196 0.21981 1 
1 636 0.336256 0.233161 0.210746 0.219838 1 
1 637 0.336963 0.232895 0.210261 0.219881 1 
1 638 0.337626 0.232677 0.209754 0.219942 1 
1 639 0.338221 0.232516 0.209236 0.220027 1 
1 640 0.338723 0.232421 0.208721 0.220135 1 
1 641 0.339114 0.232398 0.208219 0.220269 1 
1 642 0.339377 0.232454 0.207741 0.220428 1 
1 643 0.339501 0.232594 0.207297 0.220608 1 
1 644 0.339479 0.232821 0.206895 0.220805 1 
1 645 0.33931 0.233135 0.206541 0.221014 1 
1 646 0.338997 0.233535 0.206239 0.221228 1 
1 647 0.338551 0.234019 0.205992 0.221438 1 
1 648 0.337986 0.23458 0.205799 0.221636 1 
1 649 0.33732 0.23521 0.205658 0.221812 1 
1 650 0.336577 0.2359 0.205565 0.221957 1 
1 651 0.335783 0.236639 0.205515 0.222064 1 
1 652 0.334966 0.237412 0.2055 0.222123 1 
1 653 0.334155 0.238206 0.205511 0.222129 1 
1 654 0.333379 0.239006 0.205539 0.222076 1 
1 655 0.332666 0.239796 0.205574 0.221963 1 
1 656 0.332042 0.240563 0.205606 0.221788 1 
1 657 0.331529 0.241292 0.205627 0.221552 1 
1 658 0.331146 0.241969 0.205626 0.221259 1 
1 659 0.330905 0.242584 0.205598 0.220914 1 
1 660 0.330814 0.243127 0.205535 0.220524 1 
1 661 0.330877 0.24359 0.205435 0.220099 1 
1 662 0.331089 0.24397 0.205294 0.219647 1 
1 663 0.331443 0.244263 0.205114 0.21918 1 
1 664 0.331924 0.24447 0.204896 0.21871 1 
1 665 0.332515 0.244594 0.204644 0.218246 1 
1 666 0.333194 0.244638 0.204366 0.217801 1 
1 667 0.333937 0.24461 0.20407 0.217384 1 
1 668 0.334716 0.244516 0.203764 0.217003 1 
1 669 0.335507 0.244365 0.203461 0.216667 1 
1 670 0.336282 0.244167 0.20317 0.216381 1 
1 671 0.337016 0.24393 0.202905 0.216149 1 
1 672 0.337688 0.243662 0.202677 0.215973 1 
1 673 0.338279 0.243371 0.202497 0.215853 1 
1 674 0.338773 0.243063 0.202375 0.215789 1 
1 675 0.339161 0.242744 0.202319 0.215776 1 
1 676 0.339435 0.242416 0.202336 0.215812 1 
1 677 0.339597 0.242081 0.202432 0.21589 1 
1 678 0.339648 0.241739 0.202607 0.216005 1 
1 679 0.339598 0.241388 0.202863 0.21615 1 
1 680 0.339459 0.241026 0.203197 0.216318 1 
1 681 0.339245 0.240649 0.203603 0.216503 1 
1 682 0.338975 0.240252 0.204075 0.216697 1 
1 683 0.338669 0.239833 0.204603 0.216896 1 
1 684 0.338346 0.239386 0.205176 0.217092 1 
1 685 0.338027 0.238908 0.205783 0.217282 1 
1 686 0.337733 0.238398 0.206408 0.217461 1 
1 687 0.33748 0.237854 0.207039 0.217627 1 
1 688 0.337287 0.237276 0.207661 0.217776 1 
1 689 0.337166 0.236666 0.208261 0.217907 1 
1 690 0.337127 0.236029 0.208824 0.218019 1 
1 691 0.337178 0.23537 0.20934 0.218112 1 
1 692 0.337322 0.234696 0.209797 0.218185 1 
1 693 0.33756 0.234015 0.210187 0.218239 1 
1 694 0.337888 0.233336 0.210503 0.218274 1 
1 695 0.338301 0.232669 0.21074 0.218291 1 
1 696 0.338788 0.232024 0.210897 0.218291 1 
1 697 0.339339 0.231412 0.210973 0.218275 1 
1 698 0.339939 0.230844 0.210972 0.218245 1 
1 699 0.340574 0.230328 0.210897 0.218201 1 
1 700 0.341226 0.229873 0.210755 0.218146 1 
1 701 0.34188 0.229486 0.210555 0.218079 1 
1 702 0.342517 0.229174 0.210306 0.218003 1 
1 703 0.343121 0.228941 0.210018 0.21792 1 
1 704 0.343674 0.22879 0.209704 0.217831 1 
1 705 0.344162 0.228724 0.209375 0.217739 1 
1 706 0.344571 0.228742 0.209042 0.217645 1 
1 707 0.344888 0.228843 0.208717 0.217552 1 
1 708 0.345102 0.229025 0.208411 0.217462 1 
1 709 0.345204 0.229284 0.208133 0.217379 1 
1 710 0.345189 0.229617 0.20789 0.217305 1 
1 711 0.345052 0.230017 0.207689 0.217242 1 
1 712 0.344792 0.23048 0.207534 0.217194 1 
1 713 0.34441 0.230999 0.207428 0.217163 1 
1 714 0.34391 0.231568 0.207371 0.217151 1 
1 715 0.343298 0.23218 0.207362 0.21716 1 
1 716 0.342584 0.23283 0.207397 0.21719 1 
1 717 0.341778 0.23351 0.20747 0.217243 1 
1 718 0.340894 0.234214 0.207574 0.217318 1 
1 719 0.339948 0.234937 0.207701 0.217414 1 
1 720 0.338957 0.235673 0.207841 0.217529 1 
1 721 0.337939 0.236416 0.207984 0.217661 1 
1 722 0.336914 0.237162 0.208119 0.217805 1 
1 723 0.335901 0.237905 0.208236 0.217959 1 
1 724 0.33492 0.23864 0.208323 0.218116 1 
1 725 0.33399 0.239364 0.208373 0.218272 1 
1 726 0.333129 0.240074 0.208377 0.218421 1 
1 727 0.332351 0.240764 0.208328 0.218557 1 
1 728 0.331671 0.241431 0.208222 0.218675 1 
1 729 0.3311 0.242073 0.208056 0.21877 1 
1 730 0.330646 0.242687 0.20783 0.218837 1 
1 731 0.330312 0.243268 0.207547 0.218873 1 
1 732 0.330101 0.243815 0.20721 0.218874 1 
1 733 0.330009 0.244325 0.206827 0.218839 1 
1 734 0.33003 0.244794 0.206407 0.218769 1 
1 735 0.330157 0.245219 0.205961 0.218663 1 
1 736 0.330376 0.245599 0.205502 0.218524 1 
1 737 0.330673 0.245928 0.205042 0.218356 1 
1 738 0.331033 0.246205 0.204598 0.218164 1 
1 739 0.331437 0.246426 0.204183 0.217954 1 
1 740 0.331869 0.246588 0.203813 0.217731 1 
1 741 0.33231 0.246687 0.2035 0.217503 1 
1 742 0.332744 0.246722 0.203257 0.217277 1 
1 743 0.333155 0.246689 0.203096 0.21706 1 
1 744 0.33353 0.246587 0.203024 0.21686 1 
1 745 0.333858 0.246413 0.203047 0.216681 1 
1 746 0.334132 0.246168 0.203169 0.21653 1 
1 747 0.334347 0.245852 0.203391 0.21641 1 
1 748 0.334502 0.245465 0.203708 0.216325 1 
1 749 0.334598 0.245012 0.204116 0.216274 1 
1 750 0.33464 0.244494 0.204606 0.21626 1 
1 751 0.334636 0.243918 0.205168 0.216279 1 
1 752 0.334595 0.243289 0.205787 0.216329 1 
1 753 0.334529 0.242614 0.20645 0.216406 1 
1 754 0.334452 0.241903 0.20714 0.216505 1 
1 755 0.334375 0.241164 0.20784 0.216622 1 
1 756 0.334313 0.240407 0.208532 0.216748 1 
1 757 0.334277 0.239643 0.209201 0.216879 1 
1 758 0.334279 0.238883 0.20983 0.217008 1 
1 759 0.334329 0.238137 0.210404 0.21713 1 
1 760 0.334433 0.237416 0.210912 0.217239 1 
1 761 0.334597 0.23673 0.211342 0.217331 1 
1 762 0.334821 0.236088 0.211688 0.217403 1 
1 763 0.335106 0.235498 0.211944 0.217452 1 
1 764 0.335447 0.234967 0.212107 0.217479 1 
1 765 0.335837 0.234502 0.212179 0.217482 1 
1 766 0.336268 0.234106 0.212162 0.217464 1 
1 767 0.33673 0.233782 0.212063 0.217426 1 
1 768 0.337209 0.233531 0.211888 0.217372 1 
1 769 0.337693 0.233354 0.211649 0.217305 1 
1 770 0.338166 0.233248 0.211355 0.21723 1 
1 771 0.338616 0.233212 0.21102 0.217152 1 
1 772 0.339029 0.233242 0.210654 0.217075 1 
1 773 0.339392 0.233333 0.210272 0.217003 1 
1 774 0.339695 0.233479 0.209885 0.216941 1 
1 775 0.339928 0.233675 0.209504 0.216893 1 
1 776 0.340085 0.233916 0.209138 0.216861 1 
1 777 0.340161 0.234194 0.208797 0.216848 1 
1 778 0.340155 0.234503 0.208487 0.216855 1 
1 779 0.340067 0.234838 0.208212 0.216884 1 
1 780 0.339899 0.235193 0.207974 0.216933 1 
1 781 0.339656 0.235564 0.207776 0.217004 1 
1 782 0.339347 0.235944 0.207614 0.217095 1 
1 783 0.338978 0.236331 0.207488 0.217203 1 
1 784 0.338559 0.236722 0.207391 0.217328 1 
1 785 0.338101 0.237113 0.207319 0.217468 1 
1 786 0.337613 0.237502 0.207266 0.217619 1 
1 787 0.337106 0.237889 0.207224 0.21778 1 
1 788 0.336589 0.238273 0.207188 0.217949 1 
1 789 0.336071 0.238653 0.207151 0.218125 1 
1 790 0.335559 0.23903 0.207106 0.218305 1 
1 791 0.335059 0.239403 0.207049 0.218489 1 
1 792 0.334575 0.239773 0.206976 0.218675 1 
1 793 0.33411 0.240141 0.206885 0.218864 1 
1 794 0.333665 0.240507 0.206774 0.219055 1 
1 795 0.333239 0.240871 0.206644 0.219247 1 
1 796 0.33283 0.241233 0.206496 0.219441 1 
1 797 0.332437 0.241591 0.206335 0.219636 1 
1 798 0.332057 0.241946 0.206165 0.219832 1 
1 799 0.331685 0.242294 0.205992 0.220029 1 
1 800 0.331318 0.242634 0.205822 0.220227 1 
1 801 0.330954 0.242962 0.205662 0.220423 1 
1 802 0.33059 0.243275 0.205519 0.220616 1 
1 803 0.330225 0.243568 0.205401 0.220806 1 
1 804 0.32986 0.243837 0.205314 0.220989 1 
1 805 0.329495 0.244078 0.205265 0.221162 1 
1 806 0.329134 0.244285 0.205257 0.221324 1 
1 807 0.32878 0.244454 0.205296 0.221471 1 
1 808 0.328439 0.244581 0.205382 0.221599 1 
1 809 0.328117 0.244662 0.205516 0.221705 1 
1 810 0.327822 0.244694 0.205698 0.221787 1 
1 811 0.32756 0.244675 0.205924 0.221841 1 
1 812 0.32734 0.244605 0.20619 0.221865 1 
1 813 0.327169 0.244484 0.20649 0.221856 1 
1 814 0.327054 0.244314 0.206817 0.221814 1 
1 815 0.327 0.244098 0.207164 0.221738 1 
1 816 0.327012 0.243841 0.20752 0.221627 1 
1 817 0.327092 0.243547 0.207878 0.221482 1 
1 818 0.327242 0.243224 0.208227 0.221306 1 
1 819 0.32746 0.242879 0.20856 0.221101 1 
1 820 0.327744 0.24252 0.208867 0.220869 1 
1 821 0.328088 0.242154 0.209141 0.220616 1 
1 822 0.328488 0.241791 0.209376 0.220346 1 
1 823 0.328933 0.241436 0.209567 0.220063 1 
1 824 0.329416 0.241098 0.209711 0.219775 1 
1 825 0.329926 0.240782 0.209806 0.219485 1 
1 826 0.330453 0.240493 0.209852 0.219202 1 
1 827 0.330986 0.240235 0.20985 0.218929 1 
1 828 0.331515 0.240008 0.209804 0.218673 1 
1 829 0.332029 0.239813 0.209718 0.21844 1 
1 830 0.332521 0.23965 0.209596 0.218233 1 
1 831 0.332982 0.239514 0.209446 0.218057 1 
1 832 0.333407 0.239403 0.209274 0.217916 1 
1 833 0.333791 0.239312 0.209087 0.217811 1 
1 834 0.33413 0.239234 0.208892 0.217744 1 
1 835 0.334424 0.239165 0.208696 0.217715 1 
1 836 0.334673 0.239097 0.208505 0.217725 1 
1 837 0.334879 0.239025 0.208324 0.217773 1 
1 838 0.335045 0.238943 0.208157 0.217855 1 
1 839 0.335176 0.238847 0.208008 0.217969 1 
1 840 0.335275 0.238734 0.207878 0.218112 1 
1 841 0.335349 0.238602 0.207769 0.218279 1 
1 842 0.335404 0.238449 0.20768 0.218467 1 
1 843 0.335445 0.238277 0.207609 0.218669 1 
1 844 0.335477 0.238086 0.207554 0.218882 1 
1 845 0.335506 0.237882 0.207511 0.219101 1 
1 846 0.335537 0.237667 0.207477 0.21932 1 
1 847 0.335571 0.237447 0.207447 0.219535 1 
1 848 0.335613 0.23723 0.207415 0.219743 1 
1 849 0.335663 0.23702 0.207378 0.219939 1 
1 850 0.335721 0.236825 0.207332 0.220122 1 
1 851 0.335789 0.236651 0.207271 0.220289 1 
1 852 0.335863 0.236506 0.207193 0.220438 1 
1 853 0.335941 0.236394 0.207096 0.220569 1 
1 854 0.336021 0.236321 0.206977 0.220681 1 
1 855 0.336098 0.236291 0.206836 0.220775 1 
1 856 0.336168 0.236307 0.206674 0.220851 1 
1 857 0.336226 0.236371 0.206492 0.220911 1 
1 858 0.336267 0.236484 0.206292 0.220956 1 
1 859 0.336287 0.236647 0.206078 0.220987 1 
1 860 0.336281 0.236857 0.205855 0.221007 1 
1 861 0.336245 0.237112 0.205626 0.221017 1 
1 862 0.336175 0.237409 0.205397 0.221019 1 
1 863 0.336068 0.237744 0.205175 0.221013 1 
1 864 0.335923 0.238113 0.204965 0.221 1 
1 865 0.335738 0.238508 0.204773 0.220982 1 
1 866 0.335513 0.238925 0.204605 0.220957 1 
1 867 0.33525 0.239357 0.204466 0.220927 1 
1 868 0.334952 0.239797 0.20436 0.220891 1 
1 869 0.33462 0.240239 0.204293 0.220848 1 
1 870 0.334261 0.240675 0.204266 0.220797 1 
1 871 0.33388 0.2411 0.204283 0.220738 1 
1 872 0.333482 0.241506 0.204343 0.220669 1 
1 873 0.333074 0.241888 0.204447 0.220591 1 
1 874 0.332664 0.24224 0.204593 0.220502 1 
1 875 0.33226 0.242558 0.20478 0.220403 1 
1 876 0.331868 0.242836 0.205002 0.220294 1 
1 877 0.331496 0.243072 0.205256 0.220176 1 
1 878 0.33115 0.243264 0.205536 0.22005 1 
1 879 0.330838 0.243409 0.205835 0.219919 1 
1 880 0.330563 0.243508 0.206146 0.219784 1 
1 881 0.33033 0.243561 0.206462 0.219647 1 
1 882 0.330143 0.243569 0.206775 0.219513 1 
1 883 0.330003 0.243536 0.207077 0.219384 1 
1 884 0.329912 0.243464 0.20736 0.219264 1 
1 885 0.329869 0.243358 0.207618 0.219156 1 
1 886 0.329873 0.243221 0.207843 0.219062 1 
1 887 0.329923 0.24306 0.208031 0.218986 1 
1 888 0.330015 0.242879 0.208176 0.21893 1 
1 889 0.330147 0.242682 0.208275 0.218896 1 
1 890 0.330314 0.242475 0.208325 0.218886 1 
1 891 0.330512 0.242262 0.208327 0.218899 1 
1 892 0.330737 0.242046 0.208281 0.218936 1 
1 893 0.330984 0.241831 0.208189 0.218996 1 
1 894 0.33125 0.241618 0.208054 0.219078 1 
1 895 0.331529 0.241409 0.207882 0.21918 1 
1 896 0.331818 0.241205 0.207679 0.219298 1 
1 897 0.332114 0.241005 0.207451 0.219431 1 
